2;163;210;48;29;105;119;
2;298;208;19;22;158;115;
2;203;191;29;29;116;110;
2;246;181;32;29;139;105;
2;1;94;35;33;18;63;
3;154;205;62;34;108;119;
3;295;202;19;21;157;111;
3;190;180;87;40;138;110;
3;176;155;19;23;97;89;
3;183;44;74;32;128;38;
4;244;174;29;32;136;103;
4;297;173;22;56;159;114;
4;248;143;18;19;133;81;
4;277;126;24;28;150;77;
4;164;114;21;24;92;69;
4;1;108;19;26;10;67;
4;242;103;16;28;129;65;
4;178;91;56;84;117;87;
4;17;84;40;35;28;59;
5;157;181;69;58;113;119;
5;241;172;28;27;134;99;
5;287;169;32;62;159;115;
5;175;140;20;34;97;87;
6;284;175;35;59;159;117;
6;226;173;41;29;133;101;
6;175;149;19;23;97;86;
6;140;102;17;34;78;68;
6;1;96;32;37;16;66;
6;205;43;47;26;126;34;
7;279;176;40;55;159;115;
7;228;164;35;35;131;99;
7;176;151;19;18;97;84;
7;140;100;19;32;79;66;
7;1;89;57;41;29;65;
7;177;44;42;34;109;39;
8;284;146;35;81;159;113;
8;224;138;42;58;133;98;
8;1;116;17;23;9;69;
8;9;97;25;20;17;58;
8;140;70;43;55;91;62;
9;274;167;45;56;159;111;
9;220;159;37;43;128;101;
9;175;144;19;22;97;83;
9;1;91;29;49;15;70;
9;169;47;47;44;108;45;
9;220;45;31;21;125;33;
10;227;223;31;16;129;119;
10;228;164;27;18;127;91;
10;281;160;38;63;159;111;
10;235;141;18;22;126;81;
10;172;137;18;25;95;81;
10;1;92;27;49;14;70;
10;145;75;25;45;85;60;
10;179;43;69;33;124;38;
11;276;168;40;55;158;111;
11;215;136;36;56;125;96;
11;172;136;17;23;94;79;
11;1;99;18;44;9;71;
11;46;76;19;39;32;57;
12;264;160;55;49;159;104;
12;222;157;27;25;124;91;
12;1;102;31;30;16;66;
12;150;73;23;27;86;50;
12;188;46;23;33;105;39;
13;218;154;24;28;121;91;
13;262;153;57;51;159;102;
13;1;91;28;39;14;65;
13;38;78;21;37;29;57;
14;269;154;50;49;159;101;
14;1;105;22;26;11;65;
14;192;54;35;18;113;36;
15;206;154;38;25;122;89;
15;265;148;54;52;159;100;
15;1;93;27;33;14;63;
15;166;43;64;37;115;40;
16;278;217;20;18;149;117;
16;164;217;22;22;93;119;
16;190;189;73;50;131;119;
16;155;154;44;58;99;106;
16;263;149;44;49;153;99;
16;206;145;29;30;117;87;
16;167;123;18;26;92;74;
16;4;107;31;18;17;62;
16;31;78;29;35;30;56;
16;141;63;59;58;100;60;
16;220;47;25;15;122;31;
17;162;210;22;29;92;119;
17;259;164;19;31;139;97;
17;1;106;26;24;13;65;
17;36;94;21;19;28;56;
17;160;69;29;21;94;45;
17;198;49;17;22;107;35;
18;130;221;41;18;85;119;
18;202;210;29;29;115;119;
18;232;209;33;30;132;119;
18;269;205;41;29;155;117;
18;210;186;28;21;119;103;
18;259;146;45;42;152;94;
18;209;139;26;33;117;86;
18;167;121;21;25;94;73;
18;1;107;27;23;14;65;
18;31;86;23;26;27;56;
18;160;62;35;23;97;42;
18;218;44;34;34;126;39;
18;147;1;25;16;86;8;
19;206;171;29;32;117;101;
19;209;145;20;24;114;84;
19;249;141;52;47;150;94;
19;168;119;18;23;93;71;
19;1;107;20;28;10;67;
19;26;77;25;36;25;56;
19;161;58;28;28;94;43;
19;201;44;27;27;114;35;
20;255;151;46;31;150;91;
20;147;142;17;31;82;86;
20;165;124;34;42;99;83;
20;9;93;36;30;22;61;
20;146;85;20;20;83;52;
20;195;44;29;40;112;42;
21;248;142;51;42;149;92;
21;11;82;28;36;19;59;
21;144;65;43;38;93;51;
21;221;50;23;17;122;33;
22;304;188;15;32;159;110;
22;126;183;48;48;87;115;
22;165;139;26;18;95;78;
22;256;138;42;30;149;84;
22;145;138;20;26;82;82;
22;1;99;27;31;14;65;
22;145;85;19;21;82;53;
22;157;43;114;47;135;45;
23;246;215;26;18;136;116;
23;199;206;32;30;115;118;
23;225;188;56;35;140;111;
23;125;188;48;44;86;116;
23;302;179;17;26;159;102;
23;181;168;48;45;114;106;
23;252;147;40;33;146;90;
23;145;112;49;87;97;99;
23;1;94;30;37;15;65;
23;169;57;38;23;103;40;
24;250;142;37;27;143;84;
24;1;100;26;30;13;65;
24;142;78;27;19;84;48;
24;160;44;79;46;119;45;
25;129;182;39;33;84;107;
25;291;173;28;22;159;97;
25;181;164;41;46;111;105;
25;247;140;34;28;140;84;
25;152;129;40;52;96;90;
25;1;94;17;43;9;68;
25;165;93;21;35;93;64;
25;9;81;18;25;13;53;
25;204;47;48;27;126;37;
26;196;203;26;20;111;111;
26;126;191;37;34;81;112;
26;274;164;45;30;159;97;
26;249;142;33;17;141;79;
26;145;127;46;57;95;92;
26;203;122;24;30;113;76;
26;1;80;29;59;15;69;
26;170;46;79;39;124;42;
27;130;187;31;22;80;104;
27;286;167;22;26;154;96;
27;244;142;17;27;130;84;
27;216;107;17;25;116;66;
27;144;97;42;83;93;90;
27;1;85;23;43;12;64;
27;245;39;32;18;138;28;
28;207;177;42;35;124;106;
28;144;177;25;24;84;100;
28;189;155;29;58;109;106;
28;239;139;22;33;130;86;
28;143;117;42;39;92;78;
28;211;46;37;16;124;31;
29;234;168;29;20;131;94;
29;186;149;35;60;110;104;
29;239;136;19;31;129;83;
29;131;120;57;81;94;100;
29;1;79;25;59;13;69;
29;184;47;28;27;106;37;
30;225;188;19;24;122;106;
30;268;157;40;33;154;95;
30;186;150;38;37;112;93;
30;234;131;42;64;138;97;
30;1;82;14;46;7;64;
30;187;77;16;27;101;52;
30;150;59;59;40;104;49;
30;208;43;49;29;128;36;
31;258;155;44;31;151;93;
31;131;104;52;88;91;96;
31;1;99;14;33;7;66;
31;160;47;80;31;120;39;
31;242;35;31;25;136;30;
32;182;150;32;27;107;88;
32;231;128;46;52;138;90;
32;189;113;32;31;110;72;
32;36;79;18;27;27;53;
33;132;158;33;29;82;93;
33;183;144;76;50;129;97;
33;203;47;24;16;113;31;
34;143;143;38;41;90;92;
34;22;80;29;33;25;56;
34;150;74;24;20;87;47;
34;214;47;39;22;126;34;
35;144;142;37;41;90;91;
35;181;137;29;34;105;85;
35;151;96;32;48;91;72;
35;12;83;42;35;27;59;
35;171;44;77;40;124;42;
35;128;1;34;16;81;8;
36;177;227;34;12;105;119;
36;222;153;28;28;125;90;
36;142;152;19;26;80;89;
36;180;136;31;35;105;85;
36;145;109;37;34;91;71;
36;10;98;21;20;15;59;
36;152;76;19;22;85;49;
36;190;49;44;32;117;40;
36;235;42;34;33;134;37;
37;165;220;25;19;95;119;
37;306;212;13;27;159;119;
37;213;163;34;22;123;92;
37;146;146;20;23;83;84;
37;184;133;26;33;105;83;
37;144;110;36;38;90;74;
37;9;86;36;33;22;59;
37;195;45;45;29;120;37;
38;162;215;43;24;102;119;
38;303;205;16;25;159;115;
38;211;165;26;17;118;91;
38;177;163;22;20;99;91;
38;258;150;23;23;140;86;
38;182;132;27;32;104;82;
38;218;131;21;32;119;81;
38;249;119;20;20;134;69;
38;161;103;23;23;92;63;
38;167;65;22;29;94;47;
38;191;56;22;16;106;36;
38;223;44;26;21;124;32;
39;150;208;56;31;103;119;
39;209;162;26;18;117;90;
39;183;133;17;27;100;80;
39;221;128;19;30;120;79;
39;1;92;21;29;11;60;
39;179;44;67;33;123;38;
40;162;200;43;39;102;119;
40;287;188;32;49;159;118;
40;180;129;24;31;102;80;
40;146;105;33;28;89;66;
40;1;93;29;28;15;60;
40;195;46;55;29;125;37;
40;253;35;29;23;141;29;
41;165;201;40;38;102;119;
41;292;192;27;47;159;119;
41;213;137;20;30;116;83;
41;141;136;26;32;83;84;
41;146;108;21;27;83;67;
41;1;88;33;45;17;66;
41;224;47;28;18;126;32;
41;161;45;53;43;107;44;
42;287;203;32;23;159;113;
42;148;198;53;41;100;119;
42;208;134;21;34;114;84;
42;140;118;29;53;84;85;
42;158;91;25;24;91;57;
42;1;87;33;38;17;62;
43;141;192;54;47;97;119;
43;281;182;38;57;159;119;
43;177;125;21;24;99;74;
43;227;121;29;15;128;68;
43;139;116;35;48;87;82;
43;2;87;26;27;14;57;
44;258;189;61;50;159;119;
44;139;188;57;51;98;119;
44;179;121;22;29;100;75;
44;144;103;27;31;85;67;
44;1;93;25;23;13;58;
44;182;49;46;25;114;37;
45;134;198;63;34;98;116;
45;262;183;57;55;159;119;
45;140;136;20;30;80;83;
45;178;119;21;28;99;73;
45;143;102;16;23;79;62;
45;1;88;21;29;11;58;
45;157;61;38;26;97;43;
45;197;45;56;32;126;38;
46;145;175;48;52;96;113;
46;253;174;66;61;159;117;
46;170;146;25;17;97;81;
46;141;131;16;24;78;77;
47;143;176;50;47;96;111;
47;203;49;19;29;111;39;
48;148;198;24;21;86;109;
48;239;197;63;42;151;119;
48;148;172;44;54;96;113;
48;292;171;27;37;159;104;
48;178;108;22;29;100;68;
48;146;101;24;30;85;65;
49;242;176;77;55;159;115;
49;131;173;58;42;94;107;
49;236;131;21;19;128;75;
49;177;113;17;27;97;70;
49;218;112;18;20;118;66;
50;239;200;58;28;148;114;
50;283;174;36;21;159;97;
50;265;173;17;23;141;98;
50;131;168;57;55;94;111;
50;146;107;22;18;84;62;
50;160;58;39;25;99;41;
50;202;35;75;47;138;41;
51;241;168;78;52;159;110;
51;131;162;53;45;92;103;
51;174;47;59;34;116;40;
52;244;209;24;16;134;112;
52;240;182;40;30;140;106;
52;276;167;30;30;153;98;
52;141;163;44;37;92;100;
52;234;127;19;18;126;72;
52;198;117;25;31;111;74;
52;176;109;16;22;96;65;
52;159;48;73;41;116;44;
