0;214;105;21;21;224;115;
0;235;99;22;22;246;110;
0;144;162;39;39;163;181;
1;235;99;22;22;246;110;
1;135;150;51;51;160;175;
2;4;91;21;21;14;101;
2;234;99;23;23;245;110;
2;213;103;21;21;223;113;
2;131;111;37;37;149;129;
2;141;153;43;43;162;174;
3;1;93;21;21;11;103;
3;129;107;39;39;148;126;
3;237;140;41;41;257;160;
3;139;151;43;43;160;172;
4;211;101;21;21;221;111;
4;233;98;22;22;244;109;
4;157;91;36;36;175;109;
4;141;150;40;40;161;170;
5;234;98;22;22;245;109;
5;162;83;23;23;173;94;
5;142;149;37;37;160;167;
6;211;99;21;21;221;109;
6;142;148;35;35;159;165;
7;210;99;21;21;220;109;
7;140;143;39;39;159;162;
8;231;96;21;21;241;106;
8;210;98;21;21;220;108;
8;142;141;36;36;160;159;
9;208;96;21;21;218;106;
9;141;139;34;34;158;156;
10;5;92;21;21;15;102;
10;209;95;21;21;219;105;
10;139;136;37;37;157;154;
10;152;85;39;39;171;104;
10;218;123;47;47;241;146;
11;230;94;22;22;241;105;
11;153;85;37;37;171;103;
11;190;170;63;63;221;201;
12;1;94;21;21;11;104;
12;153;72;22;22;164;83;
12;153;84;37;37;171;102;
12;130;95;38;38;149;114;
12;224;124;39;39;243;143;
12;205;138;54;54;232;165;
12;186;162;66;66;219;195;
13;204;91;24;24;216;103;
13;129;93;39;39;148;112;
13;138;130;39;39;157;149;
13;206;139;48;48;230;163;
14;154;72;21;21;164;82;
14;203;89;26;26;216;102;
14;244;186;42;42;265;207;
14;267;166;40;40;287;186;
14;183;156;62;62;214;187;
15;205;91;22;22;216;102;
15;217;111;21;21;227;121;
15;155;82;34;34;172;99;
15;130;91;37;37;148;109;
15;265;162;41;41;285;182;
15;242;180;42;42;263;201;
15;182;154;57;57;210;182;
16;168;76;20;20;178;86;
16;204;87;26;26;217;100;
16;139;96;26;26;152;109;
16;241;177;41;41;261;197;
16;142;166;45;45;164;188;
17;202;86;27;27;215;99;
17;238;176;38;38;257;195;
18;156;69;21;21;166;79;
18;163;82;24;24;175;94;
18;204;86;24;24;216;98;
18;207;132;36;36;225;150;
18;234;170;41;41;254;190;
19;162;82;24;24;174;94;
19;205;86;23;23;216;97;
19;215;106;21;21;225;116;
19;227;166;44;44;249;188;
20;203;85;25;25;215;97;
20;229;165;38;38;248;184;
21;205;86;22;22;216;97;
21;179;81;30;30;194;96;
21;205;132;30;30;220;147;
21;227;162;39;39;246;181;
21;131;80;47;47;154;103;
22;157;67;21;21;167;77;
22;202;129;33;33;218;145;
22;133;83;36;36;151;101;
23;202;82;24;24;214;94;
23;211;101;23;23;222;112;
23;175;77;35;35;192;94;
23;134;83;35;35;151;100;
23;221;156;39;39;240;175;
24;167;80;21;21;177;90;
24;202;82;25;25;214;94;
24;265;187;21;21;275;197;
24;138;85;30;30;153;100;
24;176;78;33;33;192;94;
24;139;143;40;40;159;163;
25;205;84;21;21;215;94;
25;279;132;22;22;290;143;
25;138;82;32;32;154;98;
25;197;122;33;33;213;138;
25;140;142;39;39;159;161;
26;202;82;24;24;214;94;
26;212;99;21;21;222;109;
26;137;79;34;34;154;96;
26;264;126;47;47;287;149;
27;169;78;21;21;179;88;
27;202;81;23;23;213;92;
27;135;77;38;38;154;96;
27;195;120;32;32;211;136;
27;129;102;39;39;148;121;
27;225;202;35;35;242;219;
27;263;125;47;47;286;148;
28;168;77;20;20;178;87;
28;204;82;22;22;215;93;
28;141;95;21;21;151;105;
28;216;110;24;24;228;122;
28;145;85;22;22;156;96;
28;133;105;34;34;150;122;
28;245;119;61;61;275;149;
29;202;80;23;23;213;91;
29;146;84;21;21;156;94;
29;159;201;34;34;176;218;
29;239;178;38;38;258;197;
29;126;96;43;43;147;117;
29;85;124;41;41;105;144;
29;156;86;45;45;178;108;
29;243;117;63;63;274;148;
30;168;75;22;22;179;86;
30;202;80;23;23;213;91;
30;146;84;21;21;156;94;
30;130;99;37;37;148;117;
30;85;124;41;41;105;144;
30;249;119;57;57;277;147;
31;132;98;35;35;149;115;
32;183;77;23;23;194;88;
32;145;82;22;22;156;93;
32;201;79;23;23;212;90;
32;214;105;23;23;225;116;
32;134;100;32;32;150;116;
32;133;121;43;43;154;142;
32;229;168;39;39;248;187;
33;266;47;24;24;278;59;
33;147;81;23;23;158;92;
33;227;164;38;38;246;183;
33;137;71;39;39;156;90;
33;130;92;41;41;150;112;
33;85;124;41;41;105;144;
33;199;181;42;42;220;202;
33;240;113;63;63;271;144;
34;267;48;22;22;278;59;
34;201;77;23;23;212;88;
34;133;96;33;33;149;112;
34;159;108;43;43;180;129;
34;85;124;41;41;105;144;
35;204;77;21;21;214;87;
35;2;92;21;21;12;102;
35;133;95;33;33;149;111;
35;138;72;35;35;155;89;
35;194;172;41;41;214;192;
35;85;124;41;41;105;144;
35;255;120;43;43;276;141;
35;177;126;92;92;223;172;
36;203;76;23;23;214;87;
36;1;93;21;21;11;103;
36;182;75;24;24;194;87;
36;224;118;37;37;242;136;
36;190;168;41;41;210;188;
36;85;124;41;41;105;144;
37;218;41;21;21;228;51;
37;185;77;21;21;195;87;
37;220;117;39;39;239;136;
37;188;164;41;41;208;184;
37;240;112;54;54;267;139;
38;185;76;21;21;195;86;
38;137;94;28;28;151;108;
38;254;121;35;35;271;138;
38;222;115;37;37;240;133;
38;187;118;44;44;209;140;
38;186;160;41;41;206;180;
39;184;76;22;22;195;87;
39;229;127;22;22;240;138;
39;186;157;36;36;204;175;
39;246;115;46;46;269;138;
39;192;117;39;39;211;136;
40;201;128;22;22;212;139;
40;252;117;37;37;270;135;
40;136;151;47;47;159;174;
41;135;88;31;31;150;103;
41;187;114;39;39;206;133;
42;186;75;20;20;196;85;
42;152;73;22;22;163;84;
42;209;142;34;34;226;159;
42;185;112;41;41;205;132;
42;238;110;47;47;261;133;
43;205;75;20;20;215;85;
43;219;112;33;33;235;128;
43;246;110;44;44;268;132;
43;241;134;47;47;264;157;
44;205;74;21;21;215;84;
44;225;120;22;22;236;131;
44;137;85;31;31;152;100;
44;159;77;34;34;176;94;
44;187;106;41;41;207;126;
44;246;110;42;42;267;131;
44;139;142;42;42;160;163;
45;186;72;21;21;196;82;
45;151;72;22;22;162;83;
45;221;116;22;22;232;127;
45;137;84;30;30;152;99;
45;159;76;34;34;176;93;
45;185;111;34;34;202;128;
45;235;107;49;49;259;131;
45;237;130;47;47;260;153;
46;255;111;21;21;265;121;
46;139;84;28;28;153;98;
46;159;75;34;34;176;92;
46;184;108;36;36;202;126;
46;128;96;43;43;149;117;
46;150;191;46;46;173;214;
46;232;126;47;47;255;149;
47;186;71;22;22;197;82;
47;141;86;25;25;153;98;
47;216;111;28;28;230;125;
47;151;66;28;28;165;80;
47;185;108;34;34;202;125;
47;234;130;42;42;255;151;
47;191;122;47;47;214;145;
48;187;69;21;21;197;79;
48;252;172;21;21;262;182;
48;142;86;25;25;154;98;
48;220;113;24;24;232;125;
48;203;91;26;26;216;104;
48;135;75;37;37;153;93;
48;138;135;37;37;156;153;
48;234;130;40;40;254;150;
48;152;188;39;39;171;207;
48;130;95;39;39;149;114;
48;208;195;39;39;227;214;
48;267;132;48;48;291;156;
49;187;70;21;21;197;80;
49;153;68;24;24;165;80;
49;132;96;36;36;150;114;
49;235;133;36;36;253;151;
49;265;131;47;47;288;154;
50;206;92;21;21;216;102;
50;142;83;24;24;154;95;
50;217;112;23;23;228;123;
50;151;65;28;28;165;79;
50;231;127;39;39;250;146;
50;266;130;44;44;288;152;
50;146;177;44;44;168;199;
51;217;111;23;23;228;122;
51;192;120;40;40;212;140;
51;263;128;44;44;285;150;
51;130;91;39;39;149;110;
51;242;105;39;39;261;124;
51;164;121;39;39;183;140;
51;228;124;41;41;248;144;
