2;150;68;28;48;89;58;
2;61;63;44;58;52;60;
2;63;32;25;26;44;29;
3;140;61;35;38;87;49;
4;136;56;33;29;84;42;
4;50;54;52;72;51;63;
5;50;62;49;57;49;59;
5;137;59;30;26;83;42;
6;172;132;23;21;97;76;
6;48;57;52;52;50;54;
6;132;56;33;23;82;39;
7;147;125;48;28;97;76;
7;46;71;37;35;41;53;
7;137;54;24;21;80;37;
7;72;47;28;22;50;34;
8;19;137;71;16;45;76;
8;157;119;38;34;97;76;
8;123;50;37;34;80;42;
8;44;45;48;55;46;50;
9;14;125;74;28;44;76;
9;150;111;45;42;97;76;
9;51;75;18;21;34;48;
9;122;51;36;27;79;39;
9;65;41;29;39;47;40;
10;9;121;64;32;36;76;
10;147;107;48;46;97;76;
10;124;45;31;32;77;38;
10;38;42;52;47;45;44;
11;28;109;38;44;33;76;
11;138;101;48;40;93;70;
11;54;48;36;26;45;37;
11;118;43;32;32;75;37;
11;66;18;20;20;43;19;
12;142;107;37;27;89;67;
12;7;106;54;47;30;76;
12;112;41;34;31;73;36;
12;40;38;47;49;43;43;
13;16;100;49;43;32;71;
13;130;88;41;40;85;64;
13;121;40;25;26;73;33;
13;64;35;27;30;45;32;
14;15;93;47;41;31;67;
14;124;77;37;46;80;61;
14;42;60;26;20;34;40;
14;111;35;29;29;70;32;
14;63;33;23;29;43;31;
15;122;95;27;22;74;58;
15;13;87;46;40;29;63;
15;41;55;19;21;30;38;
15;116;42;19;21;67;31;
15;64;34;16;24;40;29;
16;149;136;46;17;97;76;
16;93;135;33;18;63;76;
16;113;80;32;31;72;55;
16;13;76;38;50;25;63;
16;33;42;28;32;30;37;
16;58;27;27;30;42;28;
17;95;129;29;24;62;76;
17;153;121;42;32;97;76;
17;115;85;30;19;72;52;
17;12;79;40;35;26;57;
17;42;29;34;39;38;34;
18;69;119;54;34;61;76;
18;147;110;48;43;97;76;
18;14;88;37;21;25;54;
18;108;79;32;23;70;51;
18;117;31;19;18;68;24;
18;42;7;44;59;43;33;
19;65;108;52;45;58;76;
19;146;105;49;48;97;76;
19;16;72;32;29;24;50;
19;40;43;20;20;30;31;
19;47;24;38;26;42;25;
20;141;113;54;40;97;76;
20;61;104;59;49;60;76;
20;14;66;40;33;27;49;
20;107;61;25;19;66;40;
20;111;27;20;19;65;23;
20;44;11;42;46;43;28;
21;138;106;49;33;93;69;
21;59;100;45;41;52;70;
21;20;66;25;19;22;42;
21;105;58;28;34;66;46;
21;109;22;20;23;64;22;
21;43;20;38;26;40;23;
22;132;99;43;30;87;64;
22;55;90;44;44;49;67;
22;134;85;23;20;78;52;
22;98;56;33;38;65;47;
22;14;52;35;41;24;46;
22;61;4;21;39;41;21;
23;52;85;39;42;45;63;
23;123;81;44;42;83;61;
23;99;53;29;32;64;42;
23;13;52;34;39;23;45;
23;105;25;20;21;62;23;
23;43;9;42;43;42;26;
24;117;85;41;31;79;58;
24;51;78;39;41;45;59;
24;96;49;30;33;63;41;
24;13;49;32;37;22;43;
24;47;17;37;24;42;20;
25;52;84;35;29;43;56;
25;115;76;39;36;77;56;
25;14;48;34;35;24;41;
25;96;47;24;30;60;38;
25;42;5;41;43;41;24;
26;63;75;21;22;42;48;
26;120;71;23;19;71;45;
26;94;48;20;26;57;37;
26;11;46;28;34;19;40;
26;103;16;21;24;62;20;
26;58;1;28;37;43;19;
27;110;82;38;23;74;52;
27;45;68;38;39;41;53;
27;87;53;24;18;55;35;
27;13;41;32;34;22;37;
27;43;18;26;27;34;22;
27;102;8;32;26;67;17;
28;45;66;36;34;40;50;
28;107;61;34;38;70;49;
28;18;47;26;25;22;36;
29;105;64;21;24;63;44;
29;49;63;28;21;38;42;
29;90;47;20;18;55;32;
29;12;38;31;31;21;34;
29;42;8;37;30;39;19;
30;42;56;34;38;38;47;
30;87;38;45;53;66;45;
30;15;31;27;35;21;33;
30;47;1;43;31;45;16;
31;98;64;30;26;64;45;
31;46;50;32;37;39;43;
31;15;31;31;32;23;31;
31;86;12;31;49;58;30;
31;43;1;42;36;42;18;
32;95;58;36;27;65;42;
32;45;52;26;32;35;42;
32;87;31;17;26;52;28;
32;17;29;25;31;21;30;
33;135;137;53;16;94;76;
33;44;58;23;22;33;40;
33;87;38;41;41;64;39;
33;16;27;26;30;21;28;
33;46;7;20;26;33;16;
34;132;129;48;24;90;76;
34;43;49;29;27;36;38;
34;16;27;26;27;21;27;
34;81;25;44;51;62;38;
34;46;1;75;30;60;15;
35;128;122;49;31;88;76;
35;19;26;25;24;22;25;
35;87;24;30;47;58;35;
35;52;1;40;23;46;12;
36;70;134;49;19;59;76;
36;119;115;63;38;91;76;
36;39;41;31;27;35;34;
36;85;31;22;36;53;33;
36;17;23;29;27;23;25;
36;49;3;22;19;35;11;
36;71;1;49;27;60;14;
37;74;121;43;32;58;76;
37;112;107;44;46;78;76;
37;92;37;19;30;55;33;
37;20;21;24;25;22;23;
37;53;4;23;18;38;11;
38;43;35;25;27;34;31;
38;83;27;29;38;56;32;
38;18;20;26;28;22;24;
38;48;1;37;24;42;12;
39;150;129;45;24;97;76;
39;64;105;67;44;65;74;
39;38;40;27;20;32;30;
39;18;22;25;23;21;22;
39;85;15;23;46;54;30;
39;50;1;39;26;44;13;
40;60;105;33;38;46;71;
40;110;100;25;29;67;64;
40;39;30;30;27;34;28;
40;20;17;20;25;20;21;
40;83;14;27;45;55;29;
41;163;113;32;40;97;76;
41;57;98;31;36;44;67;
41;102;87;32;39;67;63;
41;87;29;17;26;52;27;
41;21;14;26;26;23;20;
42;147;106;40;44;93;75;
42;62;84;58;41;60;62;
42;23;14;23;25;23;19;
42;49;1;45;41;47;21;
43;77;135;52;18;64;76;
43;158;115;25;26;91;70;
43;90;80;37;27;63;53;
43;83;34;22;19;52;26;
43;81;12;22;20;51;16;
43;22;10;26;26;24;18;
43;51;1;37;13;44;7;
44;72;124;67;29;69;76;
44;135;95;43;43;89;69;
44;53;90;23;31;38;60;
44;80;74;41;42;60;58;
44;84;32;20;19;52;25;
44;24;10;40;30;32;20;
44;94;1;23;17;58;9;
44;50;1;33;13;41;7;
45;68;117;48;36;58;76;
45;131;90;36;36;83;63;
45;42;70;71;47;56;58;
45;83;30;21;18;52;24;
45;24;12;21;18;22;15;
45;83;1;34;16;58;8;
46;63;108;36;44;49;76;
46;131;92;29;30;80;61;
46;48;73;70;36;59;54;
46;25;6;24;22;24;14;
47;59;103;40;42;49;72;
47;52;69;22;34;37;51;
47;73;62;39;36;56;49;
47;81;24;20;20;50;22;
47;26;6;42;35;34;20;
48;117;93;32;21;74;57;
48;45;61;32;32;38;46;
48;60;58;48;79;54;68;
48;28;8;41;28;34;18;
48;88;1;28;15;58;8;
49;58;103;30;27;44;65;
49;119;73;33;34;76;53;
49;70;58;38;33;54;45;
49;31;4;19;18;25;11;
50;180;92;15;43;97;67;
50;61;87;46;40;53;63;
50;108;69;37;39;72;54;
50;42;52;29;27;35;39;
50;68;48;36;38;52;43;
50;74;1;34;40;54;20;
50;30;1;39;41;34;21;
51;176;88;19;26;97;57;
51;106;58;38;42;72;50;
51;51;52;50;64;50;58;
51;40;44;34;24;37;34;
51;50;1;19;27;34;14;
52;151;140;44;13;97;76;
52;171;89;24;22;97;55;
52;112;57;28;36;70;46;
52;48;53;52;60;50;56;
