2;11;127;62;26;36;76;
2;70;105;35;39;52;72;
2;153;104;24;37;88;70;
2;17;66;22;33;19;49;
2;54;65;25;33;39;49;
2;140;56;18;20;79;38;
2;109;56;22;33;65;44;
2;41;31;23;27;32;29;
2;181;17;14;39;97;28;
2;83;7;19;19;51;13;
2;34;1;53;17;43;9;
2;3;1;35;26;19;13;
3;29;125;39;28;34;76;
3;70;112;33;24;51;68;
3;152;100;20;31;86;65;
3;17;79;16;27;16;53;
3;108;63;20;20;64;41;
4;31;125;35;28;33;76;
4;84;110;19;20;51;65;
4;150;99;24;35;87;67;
4;54;63;21;21;37;42;
4;41;33;19;20;30;26;
5;16;114;78;39;47;76;
5;65;1;31;22;48;11;
5;32;1;31;28;31;14;
6;22;117;45;36;33;76;
6;66;102;34;33;50;67;
6;138;97;26;33;82;65;
6;49;75;21;20;35;47;
6;154;65;26;24;90;44;
6;107;54;17;27;62;40;
6;50;1;41;14;45;7;
6;17;1;42;59;29;30;
7;176;127;19;26;97;76;
7;23;115;31;38;27;76;
7;177;102;18;20;97;61;
7;67;95;26;37;46;66;
7;136;94;28;38;82;66;
7;20;15;23;30;21;22;
7;42;1;62;13;52;7;
8;170;129;25;24;97;76;
8;27;124;39;29;33;76;
8;68;107;22;17;45;62;
8;141;90;26;32;83;61;
8;16;65;27;36;21;50;
8;153;61;22;24;87;42;
8;48;59;24;32;36;45;
8;20;34;20;19;20;26;
8;21;1;60;54;40;27;
9;163;118;32;35;97;76;
9;22;110;28;41;25;75;
9;66;101;23;23;44;62;
9;17;73;25;23;21;48;
9;34;1;27;17;30;9;
10;179;125;16;28;97;76;
10;25;106;29;38;27;72;
10;60;97;32;29;46;63;
10;135;87;25;37;80;62;
10;176;86;19;30;97;58;
10;15;76;31;21;23;48;
10;50;56;21;31;35;43;
10;128;50;21;21;74;35;
10;22;1;69;46;45;23;
11;159;121;36;32;97;76;
11;23;105;21;36;22;70;
11;61;102;21;19;41;60;
11;134;83;26;31;80;57;
11;184;76;11;42;97;59;
11;16;65;27;32;21;48;
11;102;52;18;20;60;36;
11;23;15;21;21;22;18;
11;43;1;53;21;48;11;
12;158;117;37;36;97;76;
12;23;100;31;36;27;68;
12;59;98;28;24;43;61;
12;176;85;19;35;97;60;
12;128;82;28;39;78;60;
12;15;60;28;36;21;48;
12;48;53;22;21;35;37;
12;98;46;23;25;60;35;
12;40;17;25;24;32;20;
13;161;120;34;33;97;76;
13;25;96;26;34;25;65;
13;61;93;28;25;44;59;
13;174;84;21;35;97;59;
13;132;80;22;27;77;53;
13;16;61;27;28;21;44;
13;40;1;47;32;43;16;
14;157;112;38;41;97;76;
14;21;96;34;39;27;67;
14;55;93;32;25;43;59;
14;170;86;25;32;97;59;
14;128;78;25;32;76;55;
14;13;66;18;26;15;46;
14;47;52;19;21;33;36;
14;19;9;39;36;29;22;
15;148;110;47;43;97;76;
15;23;97;30;34;26;65;
15;56;87;26;27;41;57;
15;127;77;24;28;75;52;
15;15;69;26;24;20;46;
15;46;1;56;14;51;7;
16;143;109;52;44;97;76;
16;19;93;34;38;26;65;
16;54;76;30;35;42;55;
16;125;74;25;33;75;53;
16;15;63;28;23;21;43;
16;122;45;18;19;70;32;
16;40;1;45;40;42;20;
17;139;139;34;14;86;76;
17;22;89;24;29;23;59;
17;58;86;25;18;41;52;
17;15;54;15;29;15;41;
17;21;1;54;42;37;21;
18;152;104;28;39;90;71;
18;16;88;33;37;24;62;
18;52;81;29;19;40;50;
18;121;73;28;34;74;53;
18;15;64;25;22;20;43;
18;22;15;16;26;19;20;
18;44;1;35;39;39;20;
19;135;134;21;19;78;76;
19;149;101;25;23;87;62;
19;19;88;32;34;25;61;
19;53;77;25;25;39;51;
19;14;49;24;30;19;39;
19;45;44;20;23;32;33;
19;24;1;58;29;41;15;
20;28;140;55;13;41;76;
20;144;97;29;38;86;67;
20;20;91;23;28;21;59;
20;51;75;26;23;38;49;
20;18;60;22;19;20;39;
20;21;1;62;43;41;22;
21;29;135;44;18;36;76;
21;158;115;37;38;97;76;
21;145;97;25;38;85;67;
21;22;80;19;23;20;51;
21;51;73;26;25;38;49;
21;44;42;20;18;32;30;
21;15;33;21;32;18;32;
21;29;1;55;27;42;14;
22;34;130;32;23;33;76;
22;131;70;59;61;95;65;
22;109;68;25;31;67;49;
22;20;10;24;28;22;19;
22;44;1;22;25;33;13;
23;39;131;30;22;34;76;
23;50;71;19;20;34;45;
23;44;1;28;19;36;10;
24;28;124;45;29;36;76;
24;164;121;31;32;97;76;
24;120;121;20;19;70;70;
24;139;88;28;37;83;62;
24;20;82;24;21;22;51;
24;48;65;20;26;34;45;
24;15;40;23;34;19;37;
24;33;1;72;43;52;22;
25;29;121;37;27;33;74;
25;138;87;23;34;80;60;
25;51;64;20;27;35;45;
25;19;1;57;39;38;20;
26;35;142;41;11;38;76;
26;133;88;29;33;81;60;
26;47;68;22;22;34;45;
26;40;1;38;19;39;10;
27;27;118;40;35;33;76;
27;49;63;22;25;35;44;
27;107;62;21;22;64;42;
27;14;36;31;62;22;49;
27;50;1;55;31;52;16;
28;13;115;55;38;34;76;
28;22;73;18;22;20;47;
28;46;61;22;26;34;43;
28;14;40;24;30;19;35;
28;17;1;80;35;48;18;
29;173;133;22;20;97;76;
29;23;112;21;22;22;67;
29;130;84;23;29;76;56;
29;15;40;27;52;21;46;
29;43;21;15;26;29;23;
30;7;124;60;29;33;76;
30;175;123;20;30;97;76;
30;21;107;25;23;23;65;
30;132;81;25;33;78;57;
30;19;63;23;27;21;45;
30;19;9;23;37;21;23;
30;45;1;62;15;53;8;
31;7;136;28;17;17;76;
31;19;102;30;27;24;64;
31;131;91;25;18;78;54;
31;174;89;21;64;97;76;
31;15;78;19;20;17;49;
31;46;51;24;29;35;40;
31;14;44;26;22;20;33;
31;42;30;17;20;29;25;
31;87;27;20;25;53;26;
31;26;12;21;30;23;21;
31;48;1;45;21;46;11;
32;153;127;42;26;97;76;
32;1;99;51;54;26;76;
32;177;91;18;34;97;62;
32;121;87;22;19;71;53;
32;44;54;23;25;33;39;
33;22;99;29;34;25;66;
33;171;89;24;19;97;54;
33;120;84;26;22;73;53;
33;47;53;19;25;33;39;
33;40;28;20;19;30;23;
33;51;5;32;33;41;19;
34;5;97;39;49;22;73;
34;158;85;37;68;97;76;
34;125;83;22;21;73;52;
34;17;39;25;45;21;42;
34;46;1;54;13;50;7;
35;14;121;31;23;22;72;
35;128;116;59;37;93;76;
35;119;70;27;23;73;46;
35;52;1;32;12;42;6;
36;18;118;24;22;21;70;
36;156;115;26;38;91;76;
36;125;80;19;19;72;49;
36;45;51;20;20;32;35;
36;16;41;23;35;19;38;
36;37;12;18;31;27;21;
36;44;1;34;16;39;8;
37;156;113;23;23;89;68;
37;16;113;29;23;22;68;
37;24;90;19;22;21;56;
37;18;32;17;47;17;39;
37;41;1;64;28;52;14;
38;32;134;25;19;28;76;
38;152;110;25;40;88;75;
38;18;109;25;23;21;66;
38;29;90;23;19;26;54;
38;20;53;19;19;19;36;
38;34;1;37;25;35;13;
39;15;112;24;19;19;65;
39;24;82;20;21;22;51;
39;153;78;26;50;89;64;
39;110;73;22;20;66;46;
39;17;54;22;22;19;38;
39;44;50;20;20;32;35;
39;35;1;75;35;55;18;
40;38;131;41;22;39;76;
40;21;106;20;20;20;63;
40;120;76;56;77;88;76;
40;16;26;37;43;26;34;
41;24;129;51;24;37;76;
41;110;101;58;52;84;76;
41;17;100;27;24;22;62;
41;109;68;20;23;64;45;
41;18;68;25;31;21;49;
41;64;16;19;22;41;19;
41;32;1;45;21;38;11;
42;36;126;35;27;35;76;
42;7;100;32;22;19;61;
42;143;98;22;37;82;67;
42;23;77;19;21;21;49;
42;15;43;22;23;18;33;
42;36;1;38;25;37;13;
43;33;122;35;31;34;76;
43;182;115;13;38;97;76;
43;134;96;28;36;81;66;
43;18;95;21;21;19;58;
43;109;65;22;22;65;43;
43;16;42;25;29;20;35;
43;34;1;44;61;39;31;
44;99;123;39;27;69;75;
44;31;118;35;27;33;72;
44;154;110;41;43;97;76;
44;137;95;24;32;80;63;
44;18;90;29;22;23;56;
44;35;1;47;21;41;11;
45;111;139;34;14;72;76;
45;174;119;21;34;97;76;
45;17;29;22;34;19;31;
45;29;1;58;27;43;14;
46;168;114;27;39;97;76;
46;25;112;39;41;32;76;
46;39;1;48;17;43;9;
47;101;138;38;15;69;76;
47;13;129;25;24;19;76;
47;25;110;40;36;32;73;
47;153;100;42;53;97;76;
47;44;26;18;29;31;27;
47;18;24;23;22;20;23;
48;150;105;45;43;97;74;
48;23;104;37;48;30;76;
48;18;24;21;38;19;31;
48;37;1;44;17;40;9;
49;77;129;44;24;60;76;
49;18;111;36;42;27;76;
49;147;105;48;48;97;76;
49;18;22;28;69;23;45;
49;34;1;41;50;37;25;
51;77;114;50;39;63;76;
51;16;105;42;30;29;67;
51;139;94;39;59;89;76;
51;168;87;27;36;97;61;
51;15;81;21;22;18;51;
51;17;36;23;39;20;37;
51;46;1;57;19;51;10;
