2;271;138;29;32;285;154
2;186;133;43;55;207;160
2;186;102;25;22;198;113
2;1;76;27;55;14;103
2;252;37;26;23;265;48
3;263;134;37;31;281;149
3;1;96;14;37;8;114
4;175;158;38;35;194;175
4;257;125;34;31;274;140
4;194;124;30;33;209;140
4;185;58;24;22;197;69
4;212;49;24;19;224;58
5;174;131;47;55;197;158
5;261;128;28;27;275;141
5;1;78;23;45;12;100
5;185;58;23;22;196;69
5;213;43;42;25;234;55
5;256;36;29;18;270;45
6;292;202;27;33;305;218
6;256;126;31;23;271;137
6;172;126;50;50;197;151
6;219;35;63;30;250;50
7;165;218;36;21;183;228
7;271;195;48;44;295;217
7;170;140;34;33;187;156
7;259;123;23;18;270;132
7;196;115;27;20;209;125
7;7;96;28;24;21;108
7;190;56;19;23;199;67
7;220;38;61;26;250;51
8;151;206;48;33;175;222
8;281;188;38;45;300;210
8;247;120;34;30;264;135
8;168;114;46;52;191;140
8;218;44;38;24;237;56
8;258;40;26;16;271;48
9;136;193;75;46;173;216
9;270;181;49;44;294;203
9;246;121;34;23;263;132
9;189;110;26;39;202;129
9;1;85;25;38;13;104
9;221;37;65;34;253;54
10;270;177;49;42;294;198
10;245;115;31;29;260;129
10;163;111;49;46;187;134
10;221;45;32;19;237;54
10;256;40;30;20;271;50
11;145;175;42;52;166;201
11;263;171;44;36;285;189
11;179;118;33;23;195;129
11;243;113;30;29;258;127
11;1;106;17;19;9;115
11;217;42;43;20;238;52
12;131;175;55;45;158;197
12;258;166;46;34;281;183
12;236;110;32;29;252;124
12;164;106;46;47;187;129
12;221;42;38;27;240;55
13;141;169;46;41;164;189
13;252;157;40;38;272;176
13;243;110;25;22;255;121
13;1;106;24;23;13;117
13;188;103;24;28;200;117
13;224;36;63;40;255;56
14;135;163;48;38;159;182
14;247;145;38;44;266;167
14;166;117;28;29;180;131
14;235;105;28;26;249;118
14;1;103;27;27;14;116
14;184;102;24;27;196;115
14;217;38;70;33;252;54
15;208;215;46;24;231;227
15;301;209;18;23;310;220
15;138;157;42;36;159;175
15;243;149;34;34;260;166
16;204;204;53;35;230;221
16;276;200;43;39;297;219
16;238;146;34;32;255;162
16;138;146;37;46;156;169
16;160;111;24;28;172;125
16;237;102;22;18;248;111
16;183;94;23;40;194;114
16;1;84;21;44;11;106
16;203;40;63;31;234;55
16;267;35;27;20;280;45
17;198;200;54;39;225;219
17;277;190;42;45;298;212
17;133;149;43;32;154;165
17;237;147;31;23;252;158
17;166;98;35;36;183;116
18;193;189;52;45;219;211
18;277;180;42;48;298;204
18;138;156;37;20;156;166
18;232;141;31;27;247;154
18;167;77;42;55;188;104
18;202;50;23;17;213;58
18;230;38;40;23;250;49
18;273;34;30;19;288;43
19;189;178;50;49;214;202
19;270;175;49;46;294;198
19;139;140;32;28;155;154
19;232;138;30;24;247;150
19;165;94;42;36;186;112
20;264;178;55;43;291;199
20;185;174;57;42;213;195
20;138;135;38;31;157;150
20;231;130;26;18;244;139
20;232;96;21;21;242;106
20;169;86;34;38;186;105
20;263;37;27;19;276;46
21;262;173;47;33;285;189
21;182;169;46;39;205;188
21;144;131;25;21;156;141
21;227;128;27;30;240;143
21;229;92;23;23;240;103
21;167;90;37;23;185;101
21;234;44;27;27;247;57
22;179;160;42;41;200;180
22;255;154;44;42;277;175
22;222;125;30;37;237;143
22;139;122;32;37;155;140
22;185;79;16;31;193;94
22;206;44;22;21;217;54
22;235;33;42;33;256;49
23;177;155;40;38;197;174
23;247;150;41;39;267;169
23;221;122;32;29;237;136
23;137;122;29;35;151;139
23;165;71;44;47;187;94
23;238;40;22;28;249;54
24;242;152;38;30;261;167
24;175;149;36;37;193;167
24;219;118;33;31;235;133
24;137;118;30;34;152;135
24;170;86;37;22;188;97
24;239;42;23;21;250;52
25;176;153;34;26;193;166
25;239;144;37;34;257;161
25;138;118;33;31;154;133
25;215;117;27;34;228;134
25;167;82;36;32;185;98
25;238;40;33;26;254;53
26;186;144;19;19;195;153
26;135;115;30;31;150;130
26;215;114;23;26;226;127
26;227;85;20;22;237;96
26;182;63;27;42;195;84
26;219;38;57;35;247;55
27;170;138;37;36;188;156
27;234;134;36;37;252;152
27;211;121;23;17;222;129
27;137;110;30;32;152;126
27;167;87;20;24;177;99
27;222;78;34;26;239;91
27;218;39;51;27;243;52
28;170;135;32;31;186;150
28;230;133;34;32;247;149
28;141;115;25;25;153;127
29;229;134;19;20;238;144
29;173;130;25;22;185;141
29;210;115;23;17;221;123
29;137;108;28;27;151;121
29;166;75;36;29;184;89
29;240;42;26;24;253;54
30;166;125;31;36;181;143
30;209;104;46;54;232;131
30;139;100;25;32;151;116
30;171;65;40;33;191;81
30;243;38;23;23;254;49
31;222;135;29;22;236;146
31;167;119;32;35;183;136
31;208;100;25;28;220;114
31;139;100;30;30;154;115
31;167;64;39;39;186;83
31;228;43;34;22;245;54
32;219;128;34;24;236;140
32;169;121;24;30;181;136
32;142;99;21;30;152;114
32;248;38;24;21;260;48
33;257;206;52;33;283;222
33;167;128;25;18;179;137
33;210;106;40;40;230;126
33;139;97;24;27;151;110
33;171;77;17;23;179;88
33;224;44;38;19;243;53
34;230;222;32;17;246;230
34;256;199;53;40;282;219
34;166;114;27;29;179;128
34;139;95;25;25;151;107
34;204;94;43;49;225;118
34;223;78;28;18;237;87
34;171;62;54;36;198;80
34;229;37;43;31;250;52
35;217;110;21;28;227;124
35;143;95;22;22;154;106
35;175;66;31;25;190;78
35;228;43;41;23;248;54
36;163;109;28;26;177;122
36;206;99;25;36;218;117
36;141;93;26;24;154;105
36;174;72;27;19;187;81
36;197;64;28;17;211;72
37;171;209;21;20;181;219
37;195;189;49;50;219;214
37;237;177;47;47;260;200
37;216;105;18;29;225;119
37;144;91;22;22;155;102
38;171;197;19;28;180;211
38;167;104;28;24;181;116
38;206;96;29;36;220;114
38;14;94;21;21;24;104
38;142;89;23;25;153;101
38;173;61;42;31;194;76
38;228;31;45;31;250;46
39;287;198;32;41;303;218
39;162;101;27;26;175;114
39;11;95;20;20;21;105
39;142;91;24;21;154;101
39;209;82;23;45;220;104
39;175;54;46;40;198;74
39;250;40;30;26;265;53
40;288;216;31;23;303;227
40;286;190;33;25;302;202
40;180;174;36;39;198;193
40;219;169;39;27;238;182
40;163;97;27;27;176;110
40;4;96;23;21;15;106
40;143;86;18;22;152;97
40;206;82;28;43;220;103
40;233;37;45;24;255;49
41;287;182;32;45;303;204
41;181;168;44;33;203;184
41;226;157;29;36;240;175
41;210;98;17;24;218;110
41;147;83;21;23;157;94
42;207;214;47;25;230;226
42;272;175;38;42;291;196
42;179;153;78;40;218;173
42;2;99;20;19;12;108
42;163;96;26;20;176;106
42;147;82;21;23;157;93
42;189;64;25;21;201;74
43;197;204;58;35;226;221
43;283;173;23;35;294;190
43;213;149;36;26;231;162
43;1;98;17;22;9;109
43;205;82;22;38;216;101
43;147;80;23;23;158;91
43;177;64;29;17;191;72
43;239;44;25;23;251;55
44;193;193;53;46;219;216
44;256;165;44;38;278;184
44;177;156;25;32;189;172
44;201;143;47;40;224;163
44;208;96;18;21;217;106
44;148;79;23;21;159;89
44;216;65;23;21;227;75
44;180;60;33;20;196;70
45;190;186;49;42;214;207
45;254;160;36;33;272;176
45;166;139;71;44;201;161
46;188;177;35;41;205;197
46;255;160;32;28;271;174
46;172;142;67;33;205;158
46;148;76;23;19;159;85
47;184;172;37;40;202;192
47;262;144;15;26;269;157
47;171;131;62;39;202;150
47;170;86;20;21;180;96
47;150;75;23;22;161;86
47;184;57;42;22;205;68
47;259;38;30;14;274;45
48;182;161;36;43;200;182
48;240;159;41;22;260;170
48;169;128;61;35;199;145
48;152;74;17;22;160;85
48;182;57;36;24;200;69
48;235;36;45;29;257;50
49;181;173;29;23;195;184
49;244;142;30;31;259;157
49;190;127;39;30;209;142
49;175;127;18;29;184;141
50;208;166;22;27;219;179
50;186;157;26;31;199;172
50;304;155;15;41;311;175
50;232;138;34;37;249;156
50;167;121;26;27;180;134
50;189;118;37;34;207;135
50;154;70;24;23;166;81
50;196;60;36;28;214;74
51;301;155;18;25;310;167
51;175;151;34;32;192;167
51;228;126;38;41;247;146
51;193;120;30;31;208;135
51;165;113;31;33;180;129
51;173;65;19;29;182;79
52;273;210;42;26;294;223
52;295;158;23;20;306;168
52;237;126;24;34;249;143
52;172;115;50;64;197;147
