2;163;210;48;29;187;224
2;298;208;19;22;307;219
2;203;191;29;29;217;205
2;246;181;32;29;262;195
2;1;94;35;33;18;110
3;154;205;62;34;185;222
3;295;202;19;21;304;212
3;190;180;87;40;233;200
3;176;155;19;23;185;166
3;183;44;74;32;220;60
4;244;174;29;32;258;190
4;297;173;22;56;308;201
4;248;143;18;19;257;152
4;277;126;24;28;289;140
4;164;114;21;24;174;126
4;1;108;19;26;10;121
4;242;103;16;28;250;117
4;178;91;56;84;206;133
4;17;84;40;35;37;101
5;157;181;69;58;191;210
5;241;172;28;27;255;185
5;287;169;32;62;303;200
5;175;140;20;34;185;157
6;284;175;35;59;301;204
6;226;173;41;29;246;187
6;175;149;19;23;184;160
6;140;102;17;34;148;119
6;1;96;32;37;17;114
6;205;43;47;26;228;56
7;279;176;40;55;299;203
7;228;164;35;35;245;181
7;176;151;19;18;185;160
7;140;100;19;32;149;116
7;1;89;57;41;29;109
7;177;44;42;34;198;61
8;284;146;35;81;301;186
8;224;138;42;58;245;167
8;1;116;17;23;9;127
8;9;97;25;20;21;107
8;140;70;43;55;161;97
9;274;167;45;56;296;195
9;220;159;37;43;238;180
9;175;144;19;22;184;155
9;1;91;29;49;15;115
9;169;47;47;44;192;69
9;220;45;31;21;235;55
10;227;223;31;16;242;231
10;228;164;27;18;241;173
10;281;160;38;63;300;191
10;235;141;18;22;244;152
10;172;137;18;25;181;149
10;1;92;27;49;14;116
10;145;75;25;45;157;97
10;179;43;69;33;213;59
11;276;168;40;55;296;195
11;215;136;36;56;233;164
11;172;136;17;23;180;147
11;1;99;18;44;10;121
11;46;76;19;39;55;95
12;264;160;55;49;291;184
12;222;157;27;25;235;169
12;1;102;31;30;16;117
12;150;73;23;27;161;86
12;188;46;23;33;199;62
13;218;154;24;28;230;168
13;262;153;57;51;290;178
13;1;91;28;39;15;110
13;38;78;21;37;48;96
14;269;154;50;49;294;178
14;1;105;22;26;12;118
14;192;54;35;18;209;63
15;206;154;38;25;225;166
15;265;148;54;52;292;174
15;1;93;27;33;14;109
15;166;43;64;37;198;61
16;278;217;20;18;288;226
16;164;217;22;22;175;228
16;190;189;73;50;226;214
16;155;154;44;58;177;183
16;263;149;44;49;285;173
16;206;145;29;30;220;160
16;167;123;18;26;176;136
16;4;107;31;18;19;116
16;31;78;29;35;45;95
16;141;63;59;58;170;92
16;220;47;25;15;232;54
17;162;210;22;29;173;224
17;259;164;19;31;268;179
17;1;106;26;24;14;118
17;36;94;21;19;46;103
17;160;69;29;21;174;79
17;198;49;17;22;206;60
18;130;221;41;18;150;230
18;202;210;29;29;216;224
18;232;209;33;30;248;224
18;269;205;41;29;289;219
18;210;186;28;21;224;196
18;259;146;45;42;281;167
18;209;139;26;33;222;155
18;167;121;21;25;177;133
18;1;107;27;23;14;118
18;31;86;23;26;42;99
18;160;62;35;23;177;73
18;218;44;34;34;235;61
18;147;1;25;16;159;9
19;206;171;29;32;220;187
19;209;145;20;24;219;157
19;249;141;52;47;275;164
19;168;119;18;23;177;130
19;1;107;20;28;11;121
19;26;77;25;36;38;95
19;161;58;28;28;175;72
19;201;44;27;27;214;57
20;255;151;46;31;278;166
20;147;142;17;31;155;157
20;165;124;34;42;182;145
20;9;93;36;30;27;108
20;146;85;20;20;156;95
20;195;44;29;40;209;64
21;248;142;51;42;273;163
21;11;82;28;36;25;100
21;144;65;43;38;165;84
21;221;50;23;17;232;58
22;304;188;15;32;311;204
22;126;183;48;48;150;207
22;165;139;26;18;178;148
22;256;138;42;30;277;153
22;145;138;20;26;155;151
22;1;99;27;31;14;114
22;145;85;19;21;154;95
22;157;43;114;47;214;66
23;246;215;26;18;259;224
23;199;206;32;30;215;221
23;225;188;56;35;253;205
23;125;188;48;44;149;210
23;302;179;17;26;310;192
23;181;168;48;45;205;190
23;252;147;40;33;272;163
23;145;112;49;87;169;155
23;1;94;30;37;16;112
23;169;57;38;23;188;68
24;250;142;37;27;268;155
24;1;100;26;30;14;115
24;142;78;27;19;155;87
24;160;44;79;46;199;67
25;129;182;39;33;148;198
25;291;173;28;22;305;184
25;181;164;41;46;201;187
25;247;140;34;28;264;154
25;152;129;40;52;172;155
25;1;94;17;43;9;115
25;165;93;21;35;175;110
25;9;81;18;25;18;93
25;204;47;48;27;228;60
26;196;203;26;20;209;213
26;126;191;37;34;144;208
26;274;164;45;30;296;179
26;249;142;33;17;265;150
26;145;127;46;57;168;155
26;203;122;24;30;215;137
26;1;80;29;59;15;109
26;170;46;79;39;209;65
27;130;187;31;22;145;198
27;286;167;22;26;297;180
27;244;142;17;27;252;155
27;216;107;17;25;224;119
27;144;97;42;83;165;138
27;1;85;23;43;12;106
27;245;39;32;18;261;48
28;207;177;42;35;228;194
28;144;177;25;24;156;189
28;189;155;29;58;203;184
28;239;139;22;33;250;155
28;143;117;42;39;164;136
28;211;46;37;16;229;54
29;234;168;29;20;248;178
29;186;149;35;60;203;179
29;239;136;19;31;248;151
29;131;120;57;81;159;160
29;1;79;25;59;13;108
29;184;47;28;27;198;60
30;225;188;19;24;234;200
30;268;157;40;33;288;173
30;186;150;38;37;205;168
30;234;131;42;64;255;163
30;1;82;14;46;8;105
30;187;77;16;27;195;90
30;150;59;59;40;179;79
30;208;43;49;29;232;57
31;258;155;44;31;280;170
31;131;104;52;88;157;148
31;1;99;14;33;8;115
31;160;47;80;31;200;62
31;242;35;31;25;257;47
32;182;150;32;27;198;163
32;231;128;46;52;254;154
32;189;113;32;31;205;128
32;36;79;18;27;45;92
33;132;158;33;29;148;172
33;183;144;76;50;221;169
33;203;47;24;16;215;55
34;143;143;38;41;162;163
34;22;80;29;33;36;96
34;150;74;24;20;162;84
34;214;47;39;22;233;58
35;144;142;37;41;162;162
35;181;137;29;34;195;154
35;151;96;32;48;167;120
35;12;83;42;35;33;100
35;171;44;77;40;209;64
35;128;1;34;16;145;9
36;177;227;34;12;194;233
36;222;153;28;28;236;167
36;142;152;19;26;151;165
36;180;136;31;35;195;153
36;145;109;37;34;163;126
36;10;98;21;20;20;108
36;152;76;19;22;161;87
36;190;49;44;32;212;65
36;235;42;34;33;252;58
37;165;220;25;19;177;229
37;306;212;13;27;312;225
37;213;163;34;22;230;174
37;146;146;20;23;156;157
37;184;133;26;33;197;149
37;144;110;36;38;162;129
37;9;86;36;33;27;102
37;195;45;45;29;217;59
38;162;215;43;24;183;227
38;303;205;16;25;311;217
38;211;165;26;17;224;173
38;177;163;22;20;188;173
38;258;150;23;23;269;161
38;182;132;27;32;195;148
38;218;131;21;32;228;147
38;249;119;20;20;259;129
38;161;103;23;23;172;114
38;167;65;22;29;178;79
38;191;56;22;16;202;64
38;223;44;26;21;236;54
39;150;208;56;31;178;223
39;209;162;26;18;222;171
39;183;133;17;27;191;146
39;221;128;19;30;230;143
39;1;92;21;29;11;106
39;179;44;67;33;212;60
40;162;200;43;39;183;219
40;287;188;32;49;303;212
40;180;129;24;31;192;144
40;146;105;33;28;162;119
40;1;93;29;28;15;107
40;195;46;55;29;222;60
40;253;35;29;23;267;46
41;165;201;40;38;185;220
41;292;192;27;47;305;215
41;213;137;20;30;223;152
41;141;136;26;32;154;152
41;146;108;21;27;156;121
41;1;88;33;45;17;110
41;224;47;28;18;238;56
41;161;45;53;43;187;66
42;287;203;32;23;303;214
42;148;198;53;41;174;218
42;208;134;21;34;218;151
42;140;118;29;53;154;144
42;158;91;25;24;170;103
42;1;87;33;38;17;106
43;141;192;54;47;168;215
43;281;182;38;57;300;210
43;177;125;21;24;187;137
43;227;121;29;15;241;128
43;139;116;35;48;156;140
43;2;87;26;27;15;100
44;258;189;61;50;288;214
44;139;188;57;51;167;213
44;179;121;22;29;190;135
44;144;103;27;31;157;118
44;1;93;25;23;13;104
44;182;49;46;25;205;61
45;134;198;63;34;165;215
45;262;183;57;55;290;210
45;140;136;20;30;150;151
45;178;119;21;28;188;133
45;143;102;16;23;151;113
45;1;88;21;29;11;102
45;157;61;38;26;176;74
45;197;45;56;32;225;61
46;145;175;48;52;169;201
46;253;174;66;61;286;204
46;170;146;25;17;182;154
46;141;131;16;24;149;143
47;143;176;50;47;168;199
47;203;49;19;29;212;63
48;148;198;24;21;160;208
48;239;197;63;42;270;218
48;148;172;44;54;170;199
48;292;171;27;37;305;189
48;178;108;22;29;189;122
48;146;101;24;30;158;116
49;242;176;77;55;280;203
49;131;173;58;42;160;194
49;236;131;21;19;246;140
49;177;113;17;27;185;126
49;218;112;18;20;227;122
50;239;200;58;28;268;214
50;283;174;36;21;301;184
50;265;173;17;23;273;184
50;131;168;57;55;159;195
50;146;107;22;18;157;116
50;160;58;39;25;179;70
50;202;35;75;47;239;58
51;241;168;78;52;280;194
51;131;162;53;45;157;184
51;174;47;59;34;203;64
52;244;209;24;16;256;217
52;240;182;40;30;260;197
52;276;167;30;30;291;182
52;141;163;44;37;163;181
52;234;127;19;18;243;136
52;198;117;25;31;210;132
52;176;109;16;22;184;120
52;159;48;73;41;195;68
