2;192;173;25;16;108;94
2;211;141;20;13;115;77
2;281;147;21;15;151;81
2;196;107;14;10;105;58
2;231;69;10;7;120;38
2;189;63;7;5;98;34
3;231;68;9;8;120;38
3;197;105;14;12;105;58
3;207;137;23;16;115;76
3;191;169;27;22;109;95
3;276;141;22;17;149;79
3;189;62;10;8;99;35
4;231;67;8;8;119;37
4;195;102;16;11;105;56
4;205;133;22;16;113;74
4;188;161;27;20;107;90
4;272;138;24;18;148;78
4;190;61;8;8;99;34
5;189;61;11;8;100;34
5;230;66;10;7;120;36
5;197;104;13;10;105;57
5;202;130;22;16;112;73
5;266;133;26;20;146;76
5;184;156;28;22;106;89
6;193;60;8;8;100;34
6;230;65;12;11;121;38
6;195;100;17;13;106;56
6;201;130;21;13;111;71
6;262;131;27;15;144;73
6;184;151;24;20;104;85
7;232;65;10;10;121;37
7;194;98;15;13;104;55
7;203;124;16;13;109;68
7;262;128;20;17;141;72
7;179;146;25;19;102;82
8;232;65;9;8;120;36
8;194;96;14;12;104;54
8;200;123;20;16;110;69
8;262;128;21;17;141;72
8;179;144;21;14;100;79
8;296;203;22;19;159;111
9;232;62;9;12;120;37
9;194;95;14;11;104;53
9;197;118;20;16;108;67
9;257;123;22;17;139;70
9;177;136;22;20;99;78
9;287;194;32;27;159;110
9;161;208;37;29;99;118
10;232;63;14;9;123;36
10;192;92;15;11;103;51
10;196;117;20;14;108;65
10;255;121;21;14;138;67
10;176;137;26;15;101;76
10;276;184;39;26;157;105
10;158;202;38;28;98;115
11;193;90;12;10;102;50
11;197;114;17;15;107;64
11;251;118;23;18;137;68
11;176;133;18;14;97;73
11;274;178;35;28;154;103
11;158;195;31;21;94;108
12;233;62;11;10;122;36
12;191;88;16;13;103;50
12;194;111;20;17;107;64
12;250;115;21;16;135;65
12;174;130;21;15;97;72
12;266;173;31;22;148;97
12;153;188;34;20;93;104
13;233;62;9;8;121;35
13;193;88;12;10;102;49
13;195;109;15;15;105;62
13;248;114;18;12;133;63
13;173;122;18;15;95;68
13;261;164;32;25;146;94
13;152;178;32;20;92;99
14;194;87;11;8;102;47
14;193;105;18;16;105;60
14;246;111;19;14;132;62
14;173;123;20;17;96;70
14;151;170;34;28;92;99
14;256;159;30;22;143;90
15;192;84;14;12;103;48
15;193;104;17;14;105;59
15;245;109;20;16;132;62
15;172;119;20;15;96;67
15;153;164;26;21;89;92
15;252;158;28;20;140;89
16;194;84;12;10;103;47
16;190;103;19;11;104;57
16;241;105;20;15;130;60
16;172;117;21;17;96;67
16;152;159;23;21;87;90
16;250;154;27;17;138;85
17;194;83;12;8;103;45
17;192;99;14;13;103;56
17;240;104;16;12;128;58
17;171;111;17;14;94;62
17;149;154;26;17;87;85
17;241;143;29;22;135;82
17;213;211;34;23;123;117
17;298;203;21;27;159;115
18;192;81;15;11;103;46
18;192;98;15;12;103;55
18;241;103;14;12;127;57
18;172;109;17;18;94;63
18;149;151;26;21;87;86
18;244;144;19;17;131;80
18;208;203;39;29;123;116
18;290;197;26;24;158;110
19;193;79;12;12;102;45
19;190;94;16;16;103;55
19;172;106;18;18;95;62
19;238;99;17;15;127;57
19;150;145;23;17;86;81
19;240;142;24;16;132;79
19;203;194;34;21;118;107
19;283;187;30;29;156;108
20;194;77;11;11;102;44
20;192;95;16;13;104;54
20;236;97;20;14;128;55
20;170;105;16;12;93;58
20;147;143;26;18;86;80
20;238;136;26;19;132;77
20;199;184;31;24;115;104
20;274;179;30;30;152;104
21;194;77;14;15;104;46
21;189;94;19;10;104;52
21;236;95;16;13;126;54
21;169;102;16;16;92;59
21;148;142;22;12;85;77
21;233;133;26;19;129;76
21;195;177;31;22;113;99
21;269;173;29;23;149;98
22;194;76;12;10;103;43
22;190;92;13;12;101;52
22;236;94;15;13;125;53
22;170;99;15;15;92;57
22;148;135;23;18;85;76
22;233;131;23;18;128;74
22;192;169;29;27;110;98
22;265;166;26;23;145;94
23;194;75;12;8;103;41
23;188;93;19;10;103;51
23;235;93;15;14;125;53
23;169;98;18;13;93;55
23;149;131;20;17;84;74
23;232;128;17;15;124;71
23;190;162;26;21;108;91
23;258;161;25;23;141;92
24;197;73;10;10;103;41
24;191;90;13;9;102;49
24;230;90;17;13;123;51
24;172;97;18;13;95;55
24;150;128;19;18;84;73
24;227;127;21;12;124;69
24;187;156;24;20;105;88
24;255;156;26;20;140;88
25;195;74;15;9;105;41
25;191;87;12;11;101;49
25;232;90;15;11;123;50
25;171;93;16;14;93;53
25;148;126;18;16;83;71
25;226;121;18;13;122;67
25;185;155;22;17;103;86
25;250;153;23;18;136;85
26;198;73;11;9;104;41
26;190;88;16;9;103;48
26;233;89;15;14;124;51
26;172;92;13;13;92;52
26;148;121;19;14;83;67
26;224;120;20;18;122;69
26;183;151;21;16;102;83
26;247;151;24;17;135;84
27;198;70;9;9;103;39
27;189;84;16;11;102;47
27;172;90;14;13;93;51
27;231;86;15;15;123;50
27;150;119;16;14;83;66
27;223;113;21;18;122;65
27;177;153;31;17;104;85
27;243;145;24;18;133;81
28;196;70;14;9;105;39
28;194;83;12;14;103;48
28;229;84;19;15;124;49
28;172;86;14;14;93;50
28;148;112;17;17;82;64
28;219;112;20;15;119;63
28;177;142;26;16;101;79
28;241;140;23;19;132;79
29;197;68;14;12;105;40
29;190;83;17;9;103;46
29;228;83;18;13;123;48
29;168;87;18;13;93;50
29;146;114;18;12;82;63
29;219;110;18;18;118;64
29;177;134;21;15;99;74
29;236;139;21;10;128;74
30;198;69;9;9;103;39
30;231;83;13;14;122;48
30;193;79;12;14;102;46
30;174;82;11;15;92;48
30;149;109;18;17;83;63
30;174;129;23;21;98;75
30;219;112;17;12;118;62
30;234;131;21;20;127;75
31;198;67;12;9;105;38
31;190;81;15;10;102;45
31;172;85;15;9;93;47
31;228;81;17;14;122;47
31;144;107;19;15;81;61
31;218;107;13;14;115;60
31;173;128;21;19;97;73
31;228;129;26;19;127;74
32;199;65;10;9;104;37
32;228;81;14;13;121;47
32;192;76;14;13;103;44
32;174;81;12;13;93;47
32;149;103;18;15;83;59
32;173;123;23;20;98;71
32;215;104;17;16;116;60
32;230;124;23;18;126;71
33;200;65;10;8;105;36
33;228;80;14;9;121;44
33;190;77;15;10;102;43
33;171;82;14;8;92;45
33;151;101;20;18;85;59
33;172;122;20;15;96;68
33;214;103;17;13;115;58
33;227;122;21;17;124;69
34;200;66;11;9;105;37
34;227;76;16;12;121;44
34;191;75;11;12;101;43
34;173;79;16;13;94;46
34;153;101;13;17;83;59
34;170;117;21;16;95;66
34;214;100;18;13;116;56
34;224;123;20;13;122;68
35;202;65;10;7;106;36
35;227;80;21;11;124;45
35;190;73;14;11;102;42
35;176;79;13;15;94;47
35;150;96;17;17;83;56
35;167;113;24;17;95;65
35;209;96;18;12;113;54
35;222;115;20;17;121;66
35;261;198;44;33;152;115
36;203;64;13;9;108;36
36;222;74;20;14;121;44
36;193;72;12;11;102;41
36;174;77;17;11;95;44
36;147;93;20;17;83;55
36;170;112;23;18;96;65
36;208;91;18;20;113;55
36;224;117;13;10;118;63
36;253;196;40;30;146;113
37;203;64;12;8;107;36
37;228;77;12;9;120;43
37;195;73;11;9;103;41
37;176;74;15;12;95;43
37;149;89;19;15;84;52
37;168;110;23;17;95;63
37;210;92;18;15;114;53
37;220;111;18;16;119;63
37;243;189;45;27;144;108
37;210;203;39;30;124;116
38;205;64;8;6;106;35
38;226;73;16;12;121;42
38;193;70;13;11;103;40
38;177;75;13;11;95;43
38;148;88;17;19;82;53
38;171;107;17;14;94;60
38;210;94;17;11;113;52
38;219;109;19;17;119;63
38;239;180;40;30;139;105
38;200;189;41;33;120;111
39;205;62;8;8;106;35
39;233;76;6;5;119;40
39;195;71;12;8;103;39
39;179;73;13;11;96;42
39;151;89;17;13;84;51
39;211;91;14;11;112;51
39;170;105;16;13;93;59
39;218;107;16;17;117;62
39;236;175;34;26;135;100
39;201;187;37;28;119;107
40;206;61;11;10;108;35
40;227;73;14;9;120;41
40;196;70;12;9;104;39
40;179;72;12;11;95;41
40;150;91;19;11;84;51
40;170;102;16;13;93;57
40;211;90;13;10;112;50
40;218;106;16;13;117;59
40;229;169;35;24;132;96
40;198;181;28;23;113;102
41;207;59;10;10;108;34
41;226;71;12;8;119;39
41;198;70;10;8;104;39
41;180;71;9;9;94;40
41;155;88;13;11;84;49
41;172;101;15;11;93;56
41;211;88;12;10;111;49
41;215;100;16;17;115;58
41;229;166;28;24;128;95
41;190;173;36;23;113;98
41;292;194;27;27;159;110
42;230;70;8;9;119;39
42;199;69;11;10;105;39
42;181;71;11;13;96;42
42;154;86;11;10;82;48
42;170;101;13;11;91;56
42;210;88;12;11;111;49
42;215;99;11;12;113;55
42;224;160;32;22;128;91
42;188;170;33;22;110;96
42;284;184;35;29;159;106
43;226;68;12;11;119;39
43;193;66;16;9;104;37
43;180;70;11;10;95;40
43;152;86;16;13;84;49
43;170;99;19;11;94;55
43;210;86;15;12;112;49
43;212;98;17;12;114;55
43;187;158;27;24;107;91
43;224;154;29;27;126;90
43;278;179;32;24;155;101
44;227;66;14;14;120;40
44;197;68;16;12;106;40
44;180;68;16;12;98;40
44;208;81;15;10;111;45
44;153;82;17;12;85;47
44;172;96;18;13;95;54
44;214;95;14;15;114;55
44;184;159;37;27;110;93
44;219;151;29;27;124;89
44;269;170;31;21;150;95
44;207;206;40;27;123;116
45;229;66;12;10;120;38
45;200;67;11;9;105;38
45;183;66;13;11;98;38
45;209;83;12;8;110;45
45;155;81;13;9;84;45
45;170;93;16;11;93;52
45;212;95;15;12;113;53
45;214;144;29;24;121;84
45;186;150;25;24;105;87
45;262;167;31;17;146;92
45;198;199;42;24;120;111
46;230;68;11;8;120;38
46;199;66;10;9;104;37
46;182;64;12;10;97;37
46;155;81;15;10;85;45
46;171;89;15;16;93;52
46;208;78;17;11;112;44
46;209;90;18;18;113;54
46;187;149;19;21;103;85
46;214;136;28;32;121;84
46;264;162;36;27;150;94
46;193;189;40;24;116;106
47;228;65;12;10;120;37
47;200;63;13;11;106;37
47;185;64;13;12;99;38
47;207;75;16;15;111;45
47;209;90;20;18;114;54
47;155;78;19;15;87;46
47;173;89;13;18;93;53
47;178;141;30;28;104;84
47;212;129;24;34;118;81
47;267;157;26;23;146;90
47;192;182;31;24;111;103
48;230;64;11;10;120;37
48;202;65;10;9;106;37
48;185;64;12;12;98;38
48;161;79;13;12;87;45
48;172;88;15;13;93;50
48;209;79;14;11;111;45
48;211;91;17;14;114;52
48;176;140;25;21;100;80
48;206;134;28;24;117;79
48;189;173;28;26;108;99
48;251;155;32;20;141;87
49;229;64;15;13;122;38
49;205;64;9;10;107;37
49;185;65;12;10;98;37
49;205;74;17;12;111;43
49;210;87;15;15;112;51
49;159;76;13;9;86;42
49;172;85;13;15;92;50
49;176;135;22;20;99;77
49;205;132;29;22;117;77
49;246;150;28;18;137;84
49;184;170;33;22;108;96
50;231;65;11;10;121;37
50;201;63;12;8;106;35
50;185;66;11;8;98;37
50;159;75;15;12;87;43
50;174;87;14;11;94;49
50;209;76;17;11;113;43
50;203;87;20;9;111;48
50;175;128;26;22;100;75
50;205;128;20;28;112;78
50;243;141;27;21;135;81
50;186;164;29;24;107;94
51;190;64;11;7;100;35
51;206;62;8;10;107;36
51;231;63;9;11;120;37
51;161;72;14;14;87;43
51;175;84;9;10;92;47
51;212;75;10;12;111;43
51;206;87;20;10;113;48
51;173;124;17;24;95;74
51;200;124;32;28;116;76
51;244;143;30;23;137;83
51;182;158;27;19;104;88
52;160;74;13;8;86;41
52;176;83;8;8;92;45
52;191;64;13;8;102;36
52;231;63;10;8;120;35
52;209;74;19;14;114;44
52;211;87;11;10;111;48
52;172;119;23;25;97;72
52;198;117;26;26;112;71
52;240;136;23;19;131;77
52;182;153;23;22;102;87
