2;170;70;8;6;89;38
2;188;69;8;5;98;37
2;199;71;8;5;103;38
2;213;72;7;4;110;38
2;213;68;5;3;109;35
2;231;68;11;7;121;37
2;229;74;9;7;119;40
2;228;81;9;5;118;43
2;212;78;9;6;110;42
2;195;78;9;7;102;42
2;183;75;7;6;95;40
2;161;78;9;7;85;42
2;173;85;10;9;91;47
2;192;87;13;10;102;48
2;211;85;9;7;110;46
2;233;90;14;14;123;52
2;213;94;12;9;112;51
2;175;97;11;9;93;53
2;152;96;8;8;80;52
2;146;115;12;11;79;63
2;171;109;13;10;92;59
2;193;111;15;11;104;61
2;237;103;12;9;124;56
2;202;127;16;12;109;69
2;234;135;18;12;126;73
2;264;135;19;10;141;72
2;178;142;21;16;99;79
2;146;154;21;19;83;86
2;281;148;33;24;157;86
2;196;184;27;19;111;101
2;275;181;32;22;153;101
2;158;208;30;14;94;111
3;170;69;9;6;89;37
3;188;68;9;7;98;37
3;199;69;9;7;104;38
3;212;68;7;3;109;35
3;161;77;10;7;85;42
3;181;73;11;7;96;40
3;196;78;7;6;101;42
3;232;69;10;6;121;37
3;230;74;7;6;118;40
3;228;79;11;8;119;43
3;210;73;12;11;111;42
3;210;84;11;9;110;46
3;213;93;11;10;112;51
3;231;87;15;16;123;51
3;236;102;13;11;124;56
3;193;86;12;9;102;47
3;173;85;11;9;92;47
3;173;95;12;10;92;52
3;151;94;12;10;81;52
3;146;112;12;12;79;62
3;171;107;13;12;92;59
3;192;109;15;11;103;60
3;201;126;16;13;108;69
3;234;132;18;14;126;73
3;262;130;18;15;140;72
3;179;140;19;17;99;78
3;147;152;19;19;83;85
3;195;180;26;19;110;99
3;280;145;31;26;155;85
3;272;178;34;24;153;101
3;156;206;32;15;94;110
4;171;69;9;5;90;37
4;183;73;7;7;95;40
4;188;68;8;6;98;37
4;201;70;7;6;104;38
4;196;75;7;7;101;41
4;192;86;13;11;102;48
4;163;78;9;7;86;42
4;172;84;13;11;92;47
4;174;95;11;10;92;52
4;152;92;11;11;81;51
4;172;107;11;11;91;59
4;193;109;14;11;103;60
4;147;113;13;10;80;61
4;144;150;22;18;83;84
4;177;139;19;16;98;77
4;201;123;16;15;108;69
4;212;92;12;11;112;51
4;210;83;12;9;111;46
4;210;70;12;12;111;41
4;229;69;13;9;121;39
4;229;78;9;8;119;43
4;232;88;16;15;124;51
4;237;102;11;10;124;56
4;232;129;17;14;124;71
4;262;128;17;15;139;71
4;279;144;29;26;154;85
4;271;175;31;23;151;99
4;195;179;26;19;110;99
4;158;203;30;18;94;110
5;171;68;10;7;90;37
5;161;76;10;9;85;42
5;151;92;10;10;80;51
5;147;111;11;9;79;60
5;147;149;20;16;83;82
5;156;198;31;23;93;110
5;193;176;26;18;109;97
5;175;138;22;12;98;75
5;171;106;13;12;92;59
5;175;95;11;10;93;52
5;174;84;10;10;92;47
5;183;72;7;7;95;39
5;190;69;6;6;98;37
5;200;69;8;7;104;38
5;196;75;8;10;102;42
5;193;85;11;10;102;47
5;193;108;15;13;104;60
5;201;123;13;11;107;67
5;269;174;30;22;149;98
5;232;130;18;12;125;71
5;213;92;10;11;111;51
5;211;83;9;7;110;45
5;211;74;9;6;110;40
5;231;68;12;6;121;37
5;230;73;8;6;119;39
5;231;80;6;6;118;43
5;232;88;15;15;123;51
5;237;102;12;10;124;56
5;260;128;16;14;138;71
5;278;143;29;24;153;83
6;155;196;29;20;92;108
6;147;148;19;19;83;83
6;147;110;12;12;79;61
6;152;91;11;11;81;51
6;163;76;10;7;86;41
6;173;68;8;7;90;37
6;189;67;8;7;98;37
6;184;74;8;5;96;39
6;173;84;11;9;92;46
6;173;94;14;12;93;53
6;173;106;11;12;92;59
6;177;136;20;17;98;76
6;193;174;24;19;108;96
6;200;122;16;14;108;68
6;193;108;15;11;104;59
6;193;85;13;12;103;48
6;196;75;9;8;102;41
6;201;68;9;7;105;37
6;213;69;8;7;110;38
6;211;78;10;5;110;41
6;210;83;12;9;111;46
6;213;92;10;11;111;51
6;231;127;20;17;125;72
6;270;174;29;17;149;95
6;314;183;5;14;159;98
6;277;144;31;23;154;83
6;260;128;18;13;139;70
6;236;101;12;8;124;54
6;233;89;15;12;124;50
6;228;78;10;7;119;42
6;230;72;8;6;119;39
6;235;68;9;6;122;37
7;155;192;26;22;90;107
7;147;145;16;19;81;82
7;146;108;14;15;80;61
7;153;89;10;11;81;50
7;164;74;8;8;86;41
7;173;68;9;6;91;37
7;190;68;8;6;99;37
7;184;73;9;5;96;39
7;174;84;11;10;92;47
7;174;94;11;10;92;52
7;172;104;13;12;92;58
7;176;135;19;16;97;75
7;192;172;21;19;106;95
7;202;122;12;11;107;66
7;193;108;14;10;103;59
7;193;85;12;9;102;47
7;197;75;8;9;102;42
7;201;68;7;8;104;38
7;212;68;5;3;108;35
7;213;70;10;7;111;38
7;211;74;10;9;110;41
7;211;83;10;8;110;45
7;212;91;10;10;111;50
7;231;128;16;13;123;70
7;266;170;26;19;146;94
7;275;144;28;18;151;81
7;311;174;9;27;160;100
7;257;125;20;16;138;70
7;236;100;12;10;124;55
7;231;88;14;12;122;50
7;229;78;8;8;118;43
7;231;69;8;10;119;39
8;155;189;26;22;90;105
8;191;171;20;14;105;92
8;266;169;30;17;148;93
8;274;143;30;18;152;80
8;256;127;19;11;137;69
8;231;127;17;12;124;69
8;307;173;11;25;159;99
8;302;208;16;13;159;110
8;144;144;21;16;82;80
8;177;134;18;14;97;74
8;198;120;16;13;107;66
8;193;106;15;10;104;58
8;170;105;13;10;91;57
8;146;110;13;9;79;59
8;153;91;11;9;82;50
8;175;94;11;8;93;51
8;173;82;11;8;92;45
8;166;76;5;5;85;40
8;173;68;10;6;91;37
8;236;100;11;10;123;55
8;232;87;13;11;122;49
8;211;89;12;12;111;50
8;193;84;11;11;102;47
8;197;77;8;5;102;41
8;184;72;8;5;96;38
8;192;68;7;5;99;36
8;214;73;10;4;112;38
8;211;80;10;8;110;44
8;228;78;9;6;118;42
8;231;71;8;6;119;38
8;201;69;10;8;105;38
8;214;69;4;1;109;35
9;155;186;24;20;89;103
9;146;145;18;15;82;80
9;148;107;12;11;80;59
9;153;89;11;10;82;49
9;165;75;8;7;86;41
9;174;69;10;4;92;36
9;193;69;7;3;100;36
9;184;72;8;6;96;39
9;177;83;9;10;93;46
9;178;94;7;8;92;51
9;172;101;10;11;91;56
9;175;131;19;16;97;73
9;188;166;23;18;105;92
9;201;120;11;10;106;65
9;192;104;12;11;102;57
9;192;83;12;11;102;47
9;198;76;9;7;103;41
9;203;70;7;6;105;38
9;215;72;8;4;111;38
9;211;76;11;6;111;41
9;211;86;11;5;111;45
9;212;91;10;9;111;50
9;230;124;15;13;122;68
9;260;165;32;22;146;93
9;272;139;31;22;151;80
9;257;126;17;10;137;68
9;236;100;12;9;124;54
9;232;87;14;12;123;49
9;229;76;10;9;119;42
9;232;69;7;6;119;37
9;301;206;18;15;159;110
9;307;173;12;19;159;96
10;152;185;28;19;90;102
10;144;142;20;16;82;79
10;148;107;13;10;80;58
10;152;89;11;10;81;49
10;167;75;7;8;87;41
10;175;68;7;5;91;36
10;184;73;9;5;96;39
10;174;82;10;8;92;45
10;176;93;9;8;92;50
10;172;103;11;10;91;56
10;176;129;17;16;96;72
10;190;168;20;15;105;91
10;199;119;13;11;106;65
10;194;105;12;10;103;57
10;190;84;13;9;101;46
10;198;75;6;8;102;41
10;201;68;10;7;105;37
10;192;68;7;6;99;37
10;211;89;13;12;112;50
10;212;79;8;10;110;44
10;212;68;10;9;111;38
10;227;122;17;14;122;68
10;260;166;27;19;143;92
10;299;204;19;16;159;110
10;304;173;14;17;159;95
10;270;136;31;26;150;81
10;253;123;18;12;135;67
10;235;99;11;8;123;53
10;232;87;14;12;123;49
10;229;77;9;8;119;42
10;230;70;8;6;119;38
10;237;69;5;5;121;37
11;175;68;9;5;92;36
11;166;74;8;9;87;41
11;154;89;9;8;81;48
11;147;106;12;10;79;58
11;145;140;17;16;81;78
11;155;184;21;18;88;101
11;188;163;22;17;105;90
11;180;132;11;11;95;71
11;172;101;12;12;92;56
11;175;92;11;8;93;50
11;175;80;10;9;92;44
11;185;71;8;7;96;39
11;192;68;8;5;100;36
11;201;68;10;7;105;37
11;197;74;9;9;103;41
11;190;82;13;10;101;46
11;193;102;12;10;102;56
11;198;119;13;10;105;64
11;257;162;27;19;142;90
11;294;198;24;23;159;110
11;302;168;16;21;159;94
11;268;135;31;23;149;79
11;254;121;16;14;135;67
11;227;122;15;13;121;67
11;212;89;11;11;111;50
11;210;79;10;9;110;44
11;214;72;8;7;111;39
11;236;100;10;8;123;54
11;232;85;12;13;122;49
11;230;77;8;7;119;42
11;232;69;6;6;119;37
12;155;179;24;22;89;100
12;144;138;19;17;81;77
12;149;103;10;12;79;57
12;152;85;11;11;81;48
12;166;74;10;9;88;41
12;177;70;7;4;92;37
12;186;159;22;22;104;90
12;174;128;19;16;96;72
12;172;102;10;8;91;55
12;175;89;11;9;93;49
12;175;82;11;8;93;45
12;185;71;8;6;96;38
12;192;69;7;4;99;36
12;202;68;8;7;105;37
12;196;74;10;8;103;41
12;192;81;10;13;101;47
12;191;103;13;10;102;56
12;198;115;12;12;105;63
12;225;121;17;13;121;67
12;252;122;17;11;134;66
12;266;133;27;24;146;78
12;255;159;27;19;141;89
12;299;164;19;28;159;96
12;289;195;30;25;159;110
12;211;89;11;11;111;50
12;210;79;11;10;110;44
12;212;71;10;7;111;39
12;235;97;10;11;122;54
12;231;87;12;9;121;48
12;229;76;7;7;118;41
12;231;69;9;6;120;37
13;175;67;10;6;92;36
13;167;72;9;6;88;39
13;152;86;12;11;82;48
13;149;102;10;11;79;56
13;144;136;19;17;81;76
13;153;177;22;19;87;98
13;185;159;23;16;104;87
13;175;127;15;14;95;70
13;171;99;13;11;92;55
13;175;89;10;9;92;49
13;177;80;7;7;92;43
13;185;69;9;8;97;38
13;193;68;7;3;100;35
13;202;69;8;5;105;37
13;197;74;9;7;103;40
13;193;81;8;10;100;45
13;192;103;14;11;103;57
13;197;116;13;12;105;64
13;225;120;17;12;121;66
13;254;158;24;18;139;88
13;296;164;22;23;159;93
13;285;192;33;29;159;110
13;264;133;30;22;147;77
13;250;120;18;13;134;66
13;234;97;11;10;122;53
13;230;85;13;11;121;48
13;213;88;9;11;111;49
13;211;80;8;7;109;43
13;212;72;11;10;111;41
13;228;75;9;9;118;42
13;232;69;7;8;119;38
14;151;174;23;18;87;96
14;144;134;17;17;80;75
14;149;101;10;10;79;55
14;155;86;11;10;83;48
14;168;74;8;6;88;40
14;177;68;8;4;92;36
14;195;69;6;2;100;35
14;186;71;8;6;97;38
14;175;79;13;10;94;44
14;174;90;13;8;93;49
14;173;99;10;10;91;54
14;173;124;17;14;95;69
14;182;157;23;16;102;86
14;202;69;9;5;105;37
14;198;75;7;5;102;40
14;192;80;10;11;101;45
14;192;101;12;9;102;55
14;199;116;10;10;104;63
14;224;117;16;15;120;66
14;252;156;26;19;139;87
14;263;132;28;21;145;76
14;293;159;25;26;159;92
14;283;191;35;29;159;110
14;248;119;17;11;132;65
14;236;98;9;6;122;52
14;231;85;14;11;122;48
14;229;76;9;7;119;41
14;230;69;10;9;120;39
14;211;88;13;11;112;49
14;212;80;10;8;111;44
14;212;71;10;9;111;40
15;151;171;21;18;86;94
15;181;155;21;16;101;85
15;146;134;15;13;80;73
15;175;124;16;12;95;68
15;150;102;8;7;79;54
15;155;85;11;9;83;47
15;168;72;8;9;88;40
15;177;69;6;2;91;35
15;186;70;9;6;97;38
15;175;80;9;7;92;43
15;178;88;8;10;93;49
15;173;97;10;10;91;53
15;192;102;13;8;102;55
15;196;114;12;9;104;61
15;225;116;15;14;120;65
15;251;154;25;18;138;86
15;282;189;36;32;159;110
15;290;156;28;26;159;91
15;264;132;27;19;145;75
15;250;118;15;12;132;65
15;234;96;12;9;123;52
15;233;85;13;7;123;46
15;211;87;13;11;112;49
15;192;80;10;11;101;45
15;199;73;8;8;103;40
15;203;68;8;5;105;36
15;212;77;10;10;111;43
15;214;69;9;6;111;37
15;228;75;9;9;118;42
15;231;68;8;7;119;37
16;149;167;26;22;87;94
16;180;154;21;16;100;85
16;144;132;17;15;80;73
16;173;122;16;15;94;68
16;147;101;13;10;80;55
16;156;83;9;10;82;46
16;169;71;9;8;89;39
16;178;68;8;4;93;36
16;187;69;8;6;97;37
16;176;79;9;9;92;44
16;177;88;9;11;93;49
16;172;97;12;12;92;54
16;190;99;15;10;102;54
16;195;113;14;11;104;62
16;191;79;11;12;101;45
16;198;72;9;10;103;41
16;204;69;8;3;106;36
16;224;117;14;12;119;64
16;248;116;15;12;131;64
16;263;130;25;21;144;75
16;248;151;24;20;136;85
16;289;156;26;25;157;90
16;275;186;43;35;159;110
16;212;87;10;10;111;48
16;210;80;10;6;110;43
16;214;72;9;6;111;39
16;231;70;8;6;119;38
16;230;78;8;5;119;41
16;230;85;12;10;121;47
16;234;97;11;9;122;53
17;149;166;24;19;86;92
17;181;151;20;17;100;84
17;144;131;16;14;80;72
17;172;121;17;15;94;68
17;149;101;11;8;80;54
17;156;83;8;10;82;46
17;168;70;8;8;88;39
17;179;68;6;3;92;35
17;172;96;12;11;92;53
17;175;88;11;6;93;47
17;175;77;12;10;93;43
17;187;68;8;7;97;37
17;195;68;9;2;102;35
17;195;112;13;10;104;61
17;191;100;14;9;102;54
17;191;79;10;10;100;44
17;200;72;8;8;104;40
17;204;69;7;4;105;36
17;246;150;25;19;135;84
17;287;154;26;25;156;89
17;261;128;22;20;141;74
17;247;116;14;12;130;64
17;225;114;14;13;119;63
17;276;186;36;12;156;99
17;280;198;39;25;159;111
17;211;86;10;11;110;48
17;210;77;10;8;110;42
17;214;71;10;7;112;39
17;233;95;12;10;122;52
17;230;83;10;12;120;47
17;230;75;8;7;119;41
17;233;69;7;6;120;37
18;149;164;23;20;86;92
18;184;151;15;13;99;82
18;144;128;17;16;80;72
18;171;120;17;15;94;67
18;149;98;10;11;79;54
18;156;84;11;10;83;47
18;169;69;9;9;89;39
18;179;69;7;3;93;36
18;186;68;11;7;98;37
18;175;77;12;10;93;43
18;175;88;12;8;93;48
18;172;97;11;10;91;53
18;190;99;13;8;101;53
18;197;112;10;8;103;60
18;223;115;14;12;118;63
18;247;150;21;16;134;83
18;285;153;24;22;154;87
18;276;183;37;18;156;100
18;268;200;50;21;159;110
18;257;126;27;22;142;74
18;245;113;14;11;129;62
18;233;95;9;8;121;51
18;230;84;12;11;121;47
18;192;79;10;11;101;45
18;199;74;10;6;104;40
18;196;68;7;3;101;35
18;204;69;7;3;105;36
18;210;86;12;10;111;48
18;211;77;10;8;110;42
18;215;71;6;6;110;38
18;229;75;11;9;120;42
18;233;70;6;5;119;37
19;150;161;19;17;84;89
19;145;128;15;14;80;71
19;150;96;12;13;81;54
19;157;83;9;7;83;45
19;170;71;9;7;89;39
19;180;68;6;4;93;36
19;187;70;9;5;98;37
19;177;77;11;10;94;43
19;175;87;12;10;93;48
19;173;95;11;11;92;53
19;171;118;16;15;93;66
19;181;148;21;17;101;82
19;196;111;14;11;105;61
19;192;99;10;8;101;53
19;191;78;11;11;101;44
19;200;72;7;8;103;40
19;206;68;7;4;106;36
19;197;69;5;1;101;35
19;245;147;22;16;133;81
19;220;113;15;11;117;62
19;212;86;11;9;111;47
19;211;77;10;8;110;42
19;215;69;8;7;111;38
19;271;180;38;15;154;97
19;278;147;29;25;153;86
19;257;129;25;16;141;72
19;246;115;15;11;130;63
19;233;95;11;8;122;51
19;229;83;11;9;120;46
19;231;76;8;6;119;41
19;233;70;7;6;120;38
19;266;194;52;26;159;110
20;149;159;21;19;85;89
20;144;124;17;17;80;70
20;149;95;11;11;80;53
20;156;83;13;8;84;45
20;171;69;8;9;89;39
20;179;143;19;18;99;80
20;172;114;12;16;92;65
20;194;109;14;11;104;60
20;191;95;11;11;101;53
20;173;95;12;9;92;52
20;176;84;11;11;93;47
20;177;76;10;9;93;42
20;188;69;8;6;98;37
20;193;79;10;9;101;44
20;198;72;10;8;104;40
20;204;68;10;4;107;36
20;222;112;14;13;118;62
20;243;146;22;16;132;81
20;270;175;38;18;154;96
20;261;193;58;29;159;111
20;278;150;28;21;153;85
20;257;126;24;18;140;72
20;246;113;11;11;128;62
20;233;95;10;8;121;51
20;228;84;14;11;121;47
20;230;74;8;7;119;40
20;233;69;10;6;121;37
20;211;83;10;12;110;47
20;212;79;7;4;109;41
20;213;71;11;6;112;38
20;179;68;8;3;93;35
21;148;157;21;19;84;88
21;177;141;22;17;99;79
21;143;125;16;13;79;69
21;172;117;14;12;93;64
21;149;97;12;8;80;52
21;159;82;10;9;84;45
21;171;70;10;7;90;38
21;187;67;10;8;98;37
21;179;77;9;9;94;43
21;180;88;6;4;93;46
21;176;94;7;9;91;51
21;193;97;10;8;101;52
21;195;109;11;9;103;59
21;240;142;24;19;132;80
21;277;145;24;23;150;84
21;267;173;39;19;153;96
21;261;191;58;30;159;110
21;160;212;34;10;97;111
21;254;123;26;19;140;71
21;244;112;13;10;128;61
21;220;112;14;11;117;61
21;193;77;9;9;101;43
21;231;94;12;7;121;50
21;230;82;10;10;120;46
21;212;84;9;10;110;47
21;210;76;11;8;110;42
21;200;70;8;8;104;39
21;213;68;10;8;111;38
21;230;74;6;6;118;40
21;233;69;6;8;119;38
22;156;206;38;15;97;110
22;148;154;23;22;85;88
22;143;123;18;14;80;68
22;176;143;21;16;98;79
22;172;116;14;8;93;62
22;149;93;11;12;80;52
22;158;80;10;9;84;44
22;173;92;12;10;92;51
22;178;85;9;7;93;46
22;178;75;9;9;93;42
22;172;69;8;6;90;37
22;195;107;13;11;104;59
22;192;95;12;8;102;51
22;192;75;12;11;102;43
22;190;67;9;6;99;36
22;199;70;10;7;104;38
22;219;110;14;12;116;61
22;240;141;25;18;132;79
22;263;171;40;17;151;94
22;277;146;21;21;149;83
22;254;124;26;17;140;70
22;244;110;15;11;129;60
22;233;94;10;7;121;50
22;229;82;13;11;121;46
22;211;84;10;11;110;47
22;211;75;9;8;110;41
22;214;70;9;5;111;37
22;230;75;6;5;118;40
22;233;68;8;8;120;38
22;257;186;61;35;159;110
23;156;204;35;17;95;110
23;148;150;19;18;83;84
23;178;141;17;11;97;76
23;146;123;14;12;80;67
23;171;115;14;12;92;63
23;151;95;11;8;81;51
23;160;80;9;10;84;45
23;173;92;12;11;92;51
23;195;107;10;9;102;58
23;191;95;10;9;100;52
23;238;139;21;17;129;78
23;219;109;17;13;118;61
23;242;110;14;13;128;61
23;177;83;11;9;94;46
23;179;76;8;8;93;42
23;172;70;10;6;91;38
23;190;69;8;6;99;37
23;192;76;10;9;101;42
23;201;71;9;5;105;38
23;207;67;5;3;106;35
23;210;84;12;11;111;47
23;211;75;9;6;110;40
23;216;71;8;4;112;37
23;232;92;10;8;121;50
23;229;81;13;9;121;45
23;231;75;7;5;119;40
23;234;69;6;5;120;37
23;252;123;25;18;138;70
23;273;142;26;24;149;83
23;265;168;33;14;149;91
23;256;182;62;39;159;110
24;156;203;37;20;96;111
24;147;150;21;17;84;83
24;143;118;16;17;79;67
24;175;138;19;13;97;75
24;170;111;17;17;93;64
24;151;93;12;11;81;52
24;158;79;11;10;84;44
24;174;91;11;10;92;50
24;177;82;10;9;93;45
24;179;74;9;9;94;41
24;172;68;6;6;89;37
24;192;105;14;11;103;58
24;188;94;14;9;101;51
24;193;76;11;9;102;42
24;200;69;10;8;105;38
24;189;68;10;6;99;37
24;216;106;16;15;116;60
24;239;138;19;18;129;78
24;259;165;39;18;149;91
24;249;181;68;40;158;110
24;271;141;25;23;148;82
24;252;122;23;17;137;69
24;241;109;17;11;129;60
24;232;91;12;10;122;50
24;209;82;11;11;110;46
24;228;82;12;10;120;46
24;229;71;10;9;119;40
24;211;75;9;8;110;41
24;216;69;6;8;111;38
25;155;197;36;24;95;110
25;148;149;20;16;84;82
25;176;136;18;16;97;76
25;143;119;17;14;80;66
25;170;112;15;13;92;62
25;152;92;11;11;81;51
25;159;78;10;10;84;44
25;174;68;10;7;92;37
25;174;90;11;10;92;50
25;178;81;11;10;94;45
25;179;73;9;7;94;40
25;190;68;9;6;99;37
25;201;70;9;7;105;38
25;193;77;10;9;101;43
25;195;96;7;8;101;52
25;194;104;13;13;103;58
25;218;106;14;12;116;59
25;234;134;21;19;127;76
25;249;119;24;20;136;69
25;240;107;15;12;127;59
25;272;141;22;24;147;82
25;256;164;36;16;146;90
25;246;180;72;41;159;110
25;233;91;8;10;120;50
25;230;80;10;11;120;45
25;210;79;12;15;111;47
25;229;72;9;6;119;39
25;212;73;10;6;111;39
25;216;69;9;5;112;37
26;153;194;38;27;95;110
26;146;146;23;19;84;82
26;142;117;17;14;79;65
26;151;89;13;14;82;51
26;158;78;11;10;84;44
26;176;133;16;17;96;75
26;169;110;15;14;92;62
26;175;91;9;9;92;50
26;177;81;11;9;94;45
26;179;74;11;9;95;41
26;175;68;8;7;91;37
26;190;68;9;4;99;36
26;200;69;8;8;104;38
26;192;75;10;9;101;42
26;191;92;11;10;101;51
26;193;103;12;11;102;57
26;216;106;16;12;116;59
26;233;136;22;15;127;75
26;257;164;33;14;145;89
26;244;177;74;45;159;111
26;268;140;28;23;148;81
26;248;118;27;20;137;69
26;239;106;17;12;128;59
26;231;92;10;7;120;49
26;229;81;12;11;120;46
26;210;80;11;12;110;46
26;212;74;8;7;110;40
26;215;68;10;7;112;37
26;230;73;9;8;119;40
26;233;68;7;7;120;37
27;152;194;36;26;94;110
27;147;148;20;14;83;81
27;143;115;16;15;79;65
27;153;91;10;9;81;50
27;161;77;10;9;85;43
27;175;67;7;7;91;37
27;181;75;8;5;94;40
27;178;82;11;9;94;45
27;175;89;10;11;92;50
27;172;110;12;13;92;61
27;175;133;18;13;96;73
27;193;103;15;12;104;57
27;190;91;11;10;100;50
27;194;75;11;10;102;42
27;199;69;11;7;105;38
27;192;68;6;4;99;36
27;216;103;14;14;115;58
27;235;135;19;17;127;76
27;253;160;35;16;144;88
27;243;175;75;47;159;111
27;267;138;23;18;145;78
27;249;121;21;15;135;68
27;239;105;15;12;127;58
27;233;92;8;7;120;49
27;228;80;11;10;119;45
27;211;83;10;8;110;45
27;212;74;9;9;110;41
27;216;69;9;9;112;39
27;230;74;8;4;119;39
27;233;68;7;7;120;37
28;153;190;35;28;94;109
28;146;143;18;18;82;80
28;144;116;14;13;79;64
28;153;89;11;11;82;50
28;162;78;8;8;85;43
28;176;69;8;3;92;36
28;192;69;8;5;100;37
28;179;72;11;11;95;41
28;178;81;11;8;94;44
28;175;90;10;9;92;49
28;170;108;13;13;91;60
28;175;133;17;13;96;73
28;193;102;12;11;102;56
28;190;91;11;10;100;50
28;195;75;9;10;102;42
28;203;69;6;6;104;37
28;211;83;10;8;110;45
28;213;75;9;6;111;40
28;215;69;10;7;112;38
28;218;106;12;10;115;58
28;231;133;21;16;126;74
28;253;159;30;14;141;86
28;239;173;79;48;159;110
28;266;136;20;19;143;77
28;247;118;23;16;135;67
28;240;106;13;13;126;59
28;231;90;11;10;121;50
28;229;81;12;8;120;44
28;229;72;8;6;118;39
28;234;69;7;4;120;36
29;0;0;0;0;0;0
29;154;189;36;30;95;109
29;147;143;19;16;83;79
29;144;115;19;15;81;65
29;154;90;9;7;81;48
29;160;76;13;12;86;44
29;177;69;8;5;92;37
29;176;132;17;15;96;73
29;169;109;14;10;91;59
29;175;88;10;8;92;48
29;180;81;9;8;94;44
29;181;74;11;8;96;41
29;192;68;7;4;99;36
29;203;69;8;6;105;37
29;195;74;9;9;102;41
29;191;92;8;9;99;50
29;194;101;8;4;101;52
29;219;107;10;8;114;57
29;233;132;16;14;124;73
29;248;154;34;17;141;85
29;240;170;78;50;159;110
29;265;137;20;17;142;77
29;246;116;23;17;134;66
29;239;104;13;10;126;57
29;231;89;9;10;120;49
29;229;80;10;8;119;44
29;211;79;9;12;110;45
29;214;74;10;6;112;40
29;217;68;7;6;112;37
29;230;72;8;8;119;40
29;233;68;8;6;120;37
30;304;171;15;22;159;96
30;246;154;32;13;139;83
30;246;168;70;50;158;109
30;152;186;32;27;92;106
30;147;138;17;19;82;78
30;174;130;14;11;94;70
30;145;115;16;12;80;63
30;169;107;16;11;92;59
30;152;89;12;8;82;48
30;160;75;13;8;86;41
30;173;87;11;9;92;48
30;180;80;10;8;95;44
30;182;72;8;8;95;40
30;176;67;8;4;92;35
30;192;101;12;9;102;55
30;190;90;10;10;100;50
30;217;103;13;12;115;57
30;231;131;19;13;125;72
30;245;115;22;18;133;66
30;263;136;19;15;141;75
30;240;104;12;11;126;57
30;232;90;8;7;120;48
30;229;80;13;9;121;44
30;210;79;10;11;110;45
30;195;74;10;11;102;42
30;203;69;6;5;104;37
30;215;73;9;7;112;40
30;217;69;8;5;112;37
30;231;73;8;6;119;39
30;234;69;6;5;120;37
31;150;182;35;30;92;106
31;146;139;14;12;80;75
31;145;112;14;12;79;62
31;155;87;9;10;82;48
31;162;75;11;9;86;42
31;175;129;17;12;96;70
31;173;108;11;9;92;58
31;176;86;9;8;92;47
31;181;80;11;9;96;44
31;182;73;8;6;95;39
31;191;100;16;10;103;55
31;190;92;12;6;101;49
31;195;74;12;7;103;40
31;203;69;8;6;105;37
31;212;82;10;9;111;45
31;214;70;11;6;112;38
31;217;102;11;12;114;57
31;228;128;22;15;125;71
31;248;155;29;11;138;83
31;239;166;71;54;155;110
31;304;171;15;21;159;96
31;262;135;22;18;142;76
31;245;115;20;16;132;65
31;239;104;13;10;126;57
31;231;89;11;9;121;49
31;228;79;12;10;120;44
31;231;72;7;5;119;38
31;194;69;6;3;100;36
32;150;178;32;31;91;104
32;145;140;19;13;82;76
32;144;111;14;12;79;61
32;173;126;16;11;94;68
32;172;106;13;8;92;57
32;156;87;9;6;82;46
32;163;74;7;8;85;41
32;176;86;9;8;92;47
32;193;100;10;7;101;53
32;192;88;9;8;100;48
32;182;80;9;6;95;43
32;184;73;6;5;95;39
32;215;102;13;10;114;56
32;231;129;15;13;123;71
32;246;150;28;14;137;82
32;236;163;76;57;156;110
32;305;168;16;23;160;95
32;260;133;18;15;139;74
32;246;114;20;15;133;64
32;240;103;10;11;125;57
32;230;88;13;9;121;48
32;228;78;13;9;120;43
32;211;80;12;11;111;45
32;197;73;11;10;104;41
32;203;67;9;7;106;37
32;230;72;10;5;120;38
32;213;72;8;6;110;39
32;220;68;7;6;113;37
33;150;175;33;29;91;102
33;147;133;17;18;82;75
33;146;112;15;11;80;61
33;157;87;10;8;83;47
33;164;75;11;7;87;41
33;173;124;19;15;96;69
33;171;105;13;10;92;57
33;175;85;12;10;93;47
33;182;79;6;7;94;43
33;182;71;9;7;95;39
33;193;100;12;9;102;54
33;191;88;10;8;100;48
33;218;104;9;5;113;54
33;227;126;20;12;123;69
33;244;150;24;11;134;80
33;297;167;24;23;160;95
33;241;163;62;58;151;110
33;259;130;19;16;139;73
33;246;115;17;12;131;63
33;238;101;15;11;126;56
33;232;89;11;8;121;48
33;227;77;16;12;121;44
33;212;80;10;9;111;44
33;196;72;12;9;104;40
33;205;68;8;6;106;37
33;215;70;8;6;111;38
33;233;69;8;6;120;37
34;149;175;32;27;90;101
34;144;133;22;16;83;74
34;146;111;15;12;80;61
34;164;81;9;1;86;41
34;156;85;10;10;83;47
34;170;103;13;10;91;56
34;175;124;13;12;94;68
34;176;83;11;13;93;48
34;182;78;8;8;95;43
34;182;69;10;11;96;40
34;193;88;8;7;100;47
34;194;99;8;9;101;54
34;213;99;16;14;114;56
34;227;123;17;16;122;69
34;240;144;26;16;133;80
34;294;159;26;28;160;93
34;240;158;63;61;151;109
34;258;128;20;18;139;73
34;243;112;25;17;134;64
34;239;102;11;11;125;56
34;231;87;9;9;120;48
34;229;76;11;12;120;44
34;211;77;10;11;110;44
34;197;71;10;10;103;40
34;205;67;6;5;105;36
34;231;71;8;4;119;37
34;212;68;12;7;112;37
35;163;71;9;10;86;40
35;156;84;9;8;82;46
35;144;109;12;11;78;60
35;145;133;17;12;81;72
35;150;172;27;24;88;98
35;175;122;13;11;94;66
35;172;101;12;12;92;56
35;176;85;10;6;93;45
35;182;79;11;5;96;42
35;183;70;9;6;96;38
35;190;87;10;8;100;47
35;192;97;11;12;101;54
35;198;70;7;10;102;40
35;207;69;4;5;105;37
35;211;78;9;11;110;44
35;216;69;9;5;112;37
35;230;70;9;8;119;39
35;230;80;10;9;120;44
35;232;90;9;6;120;48
35;216;100;10;10;113;55
35;237;101;13;8;125;54
35;242;110;19;16;130;63
35;226;123;17;13;121;68
35;259;127;15;15;137;71
35;237;143;28;14;132;78
35;293;160;29;25;161;92
35;233;159;61;47;147;103
36;150;168;26;27;88;97
36;147;130;17;16;82;73
36;144;106;14;12;79;59
36;156;83;11;11;83;47
36;167;74;7;8;87;41
36;175;124;13;8;94;66
36;170;100;13;11;91;55
36;176;84;12;7;94;45
36;183;78;9;5;96;41
36;184;69;8;8;96;38
36;199;69;9;10;104;39
36;205;68;6;4;105;36
36;190;87;10;10;100;48
36;194;98;9;8;101;53
36;215;98;10;10;112;54
36;211;78;9;9;110;43
36;215;74;7;4;111;39
36;220;69;5;4;112;36
36;230;72;9;6;119;39
36;229;79;9;9;119;44
36;232;89;8;5;120;47
36;237;100;11;10;124;55
36;245;115;17;9;131;62
36;225;123;18;15;121;69
36;257;127;15;13;136;70
36;291;161;27;21;159;91
36;238;142;27;14;132;78
36;232;156;62;60;147;108
37;148;166;28;26;88;96
37;146;127;17;15;81;71
37;145;105;15;12;80;58
37;157;84;9;7;83;45
37;166;72;8;7;87;39
37;184;69;9;8;96;38
37;182;77;9;6;95;41
37;177;83;7;8;92;45
37;171;101;12;10;91;55
37;173;119;12;13;92;66
37;192;95;11;10;101;52
37;192;86;9;7;100;46
37;214;97;11;10;112;53
37;224;120;18;12;121;66
37;239;142;23;11;131;76
37;257;127;17;18;137;72
37;242;112;17;14;129;63
37;235;98;14;11;124;54
37;288;156;24;20;156;88
37;230;86;10;9;120;47
37;211;77;9;11;110;44
37;201;73;7;8;104;40
37;206;69;5;5;105;37
37;230;72;10;6;120;39
37;233;80;9;7;121;43
37;231;153;60;65;145;109
38;166;71;10;9;88;40
38;158;84;10;9;84;46
38;146;107;14;12;80;59
38;147;129;13;12;80;70
38;152;165;24;28;88;96
38;173;119;17;13;95;66
38;173;101;9;9;91;55
38;178;84;9;6;93;45
38;184;76;9;7;96;41
38;184;70;7;7;95;38
38;200;73;10;8;105;40
38;193;86;7;7;100;46
38;196;98;6;6;101;52
38;214;98;10;9;112;53
38;225;122;14;13;119;67
38;238;141;20;10;129;75
38;285;157;27;19;156;88
38;255;125;17;14;136;69
38;241;110;19;13;130;61
38;236;101;11;7;123;54
38;231;87;10;8;120;47
38;228;78;10;8;119;43
38;213;78;7;8;110;43
38;216;71;7;7;111;39
38;231;69;9;7;120;38
38;228;150;57;69;142;109
38;166;214;27;7;96;110
39;160;208;32;14;96;111
39;150;162;26;26;88;94
39;146;124;17;17;81;70
39;146;104;14;12;80;58
39;173;118;15;11;94;64
39;172;100;12;10;92;55
39;158;83;12;9;85;46
39;168;69;7;9;87;39
39;185;69;10;8;97;38
39;183;78;10;5;96;41
39;179;86;6;4;92;45
39;190;83;9;9;99;46
39;193;95;11;11;102;53
39;201;71;7;8;104;39
39;213;79;7;9;110;44
39;217;98;8;10;112;54
39;226;119;14;14;120;66
39;234;139;22;11;128;75
39;228;149;58;64;143;106
39;287;153;21;22;154;87
39;254;126;17;12;135;69
39;240;109;19;14;129;61
39;236;98;13;11;124;54
39;231;86;9;8;120;47
39;231;79;8;6;119;42
39;232;71;7;5;119;38
39;216;68;11;8;113;38
40;162;206;32;17;97;111
40;148;158;29;28;88;93
40;146;122;15;19;80;70
40;146;104;15;10;80;57
40;158;80;12;11;85;45
40;167;71;8;6;87;38
40;184;69;13;8;98;38
40;182;76;12;7;97;41
40;177;82;10;9;93;45
40;172;99;10;10;91;54
40;176;119;9;8;92;63
40;207;68;6;5;106;36
40;201;73;9;6;105;39
40;191;85;9;8;100;46
40;195;95;6;7;100;51
40;213;95;12;11;112;53
40;212;78;8;9;110;43
40;214;71;9;8;111;39
40;220;67;7;5;113;36
40;222;118;15;12;118;65
40;237;138;19;9;128;73
40;226;147;57;68;141;107
40;283;152;21;19;152;85
40;253;124;17;14;135;69
40;239;106;21;17;130;61
40;234;96;12;7;123;51
40;232;88;11;7;121;47
40;229;77;9;9;119;43
40;232;69;7;6;119;37
41;160;205;31;17;95;111
41;149;157;23;25;86;91
41;146;123;15;15;80;69
41;147;103;15;11;81;57
41;160;79;9;10;84;44
41;167;71;10;9;88;40
41;174;117;12;9;93;63
41;172;98;11;11;91;54
41;178;81;9;9;93;45
41;184;78;9;5;96;41
41;186;69;8;8;97;38
41;201;73;7;6;104;39
41;192;85;10;8;101;46
41;195;96;6;7;100;51
41;213;95;10;11;111;53
41;212;77;10;9;111;43
41;215;71;8;6;111;38
41;223;118;14;12;118;65
41;233;135;21;12;127;73
41;222;145;57;67;139;106
41;282;151;21;19;151;85
41;250;122;20;15;135;68
41;239;108;21;15;130;61
41;236;99;11;9;123;54
41;230;85;10;8;120;46
41;228;76;11;9;119;42
41;233;71;6;7;119;39
41;219;67;9;8;114;37
41;207;68;8;4;107;36
42;159;202;32;19;95;110
42;147;152;25;27;86;89
42;144;123;22;16;83;69
42;147;102;12;10;79;56
42;160;80;12;9;86;44
42;169;72;9;6;89;39
42;185;70;8;6;96;38
42;184;74;9;9;96;41
42;179;83;8;6;93;44
42;173;97;9;11;91;54
42;173;113;11;11;92;62
42;193;92;9;9;101;50
42;193;83;5;9;99;46
42;199;69;9;9;104;39
42;231;133;25;14;128;73
42;220;117;18;12;119;64
42;213;94;12;10;112;52
42;212;77;11;9;111;43
42;214;70;10;7;112;38
42;233;70;8;7;120;38
42;229;79;9;7;119;43
42;230;87;10;7;120;47
42;236;97;10;7;123;52
42;239;107;18;14;128;60
42;252;122;17;13;134;67
42;276;151;27;17;151;84
42;307;208;12;13;159;110
42;224;146;57;66;140;106
43;160;198;29;23;94;110
43;149;152;24;25;86;88
43;146;121;14;12;80;66
43;147;101;13;9;80;55
43;162;81;9;8;85;44
43;169;70;9;7;89;38
43;174;113;10;12;92;62
43;170;95;14;11;92;53
43;179;80;9;7;94;43
43;185;75;8;6;96;40
43;188;69;7;6;97;37
43;202;70;7;8;104;39
43;190;83;10;10;100;46
43;193;94;8;7;100;50
43;216;70;8;7;112;38
43;213;76;7;10;110;43
43;213;95;10;9;111;52
43;225;117;12;11;118;64
43;230;134;22;9;126;71
43;282;158;15;9;148;83
43;303;203;15;17;159;110
43;221;141;56;66;138;103
43;250;120;17;14;133;67
43;238;106;20;15;129;60
43;233;95;13;9;123;52
43;230;86;9;7;119;46
43;228;76;11;10;119;43
43;231;69;8;7;119;38
44;158;195;28;23;93;109
44;149;150;24;25;86;87
44;147;118;13;14;80;66
44;147;100;15;11;81;55
44;162;77;9;10;85;43
44;172;70;8;6;90;38
44;171;112;13;11;92;61
44;172;95;11;9;91;52
44;178;80;10;8;94;44
44;184;72;9;8;96;40
44;187;68;9;9;98;38
44;193;82;11;10;102;46
44;193;92;10;9;101;50
44;211;94;11;8;111;51
44;212;76;10;11;111;43
44;201;69;9;9;105;39
44;214;70;10;10;112;40
44;225;115;12;11;118;63
44;230;130;21;12;125;71
44;272;147;22;17;147;82
44;220;141;54;64;137;102
44;300;202;19;19;159;110
44;248;118;18;15;133;66
44;240;107;13;10;126;58
44;235;95;13;10;124;52
44;231;85;10;7;120;46
44;230;75;10;9;120;42
44;233;69;9;6;121;37
45;158;191;26;24;92;107
45;148;148;23;24;85;86
45;146;118;15;12;80;65
45;149;99;12;10;80;54
45;161;79;9;6;85;42
45;171;69;8;8;89;38
45;172;112;14;10;93;61
45;170;92;15;12;92;52
45;179;78;8;8;93;43
45;186;72;8;6;97;39
45;201;71;9;5;105;38
45;192;82;7;9;99;45
45;195;92;7;7;101;49
45;211;95;14;6;112;50
45;222;113;13;15;117;64
45;228;130;20;10;124;70
45;220;139;51;60;135;99
45;271;142;23;19;147;80
45;291;187;27;30;159;108
45;249;118;16;13;132;65
45;237;103;19;14;128;58
45;234;94;10;8;122;51
45;231;85;9;9;120;47
45;211;75;9;9;110;42
45;230;79;10;6;120;42
45;232;69;9;6;120;37
45;217;68;6;6;111;37
46;158;189;27;26;92;107
46;148;147;24;22;86;84
46;146;115;15;12;80;63
46;148;97;12;12;80;54
46;162;78;8;7;85;42
46;172;70;9;5;90;37
46;172;94;9;9;90;51
46;172;109;12;15;92;62
46;180;77;8;10;94;43
46;186;73;9;9;97;41
46;191;91;11;10;101;50
46;191;82;11;8;101;45
46;201;67;9;9;105;38
46;214;94;8;7;111;50
46;213;77;8;9;110;43
46;217;69;6;9;111;39
46;219;110;13;15;116;62
46;228;127;20;12;124;69
46;247;118;16;12;131;65
46;238;103;20;16;129;59
46;235;95;12;8;123;51
46;231;85;8;7;119;46
46;229;75;10;8;119;41
46;233;70;7;5;120;37
46;267;142;24;20;145;81
46;222;138;44;59;133;98
46;292;191;28;24;160;107
47;156;186;27;25;91;105
47;147;144;23;26;85;85
47;144;113;16;14;80;63
47;148;98;11;8;79;53
47;163;77;9;9;86;43
47;172;69;7;5;89;37
47;170;108;17;13;93;60
47;171;94;13;10;92;52
47;179;78;9;8;94;43
47;187;74;8;6;97;40
47;191;82;10;7;100;44
47;193;91;8;9;100;50
47;212;93;9;7;110;50
47;0;0;0;0;0;0
47;219;110;15;17;117;63
47;230;129;15;7;122;68
47;267;141;20;18;143;79
47;220;138;46;60;133;99
47;288;188;31;25;159;106
47;310;179;8;9;159;94
47;248;115;12;13;130;64
47;238;106;18;12;128;59
47;232;93;10;9;121;51
47;229;83;10;9;119;46
47;228;75;10;7;119;41
47;211;74;9;8;110;41
47;216;68;9;9;112;38
47;232;70;11;6;121;38
47;200;68;12;8;106;38
47;189;68;7;6;98;37
48;158;186;24;23;91;104
48;147;142;25;24;86;83
48;144;113;15;11;79;62
48;147;95;16;14;81;54
48;163;76;11;10;87;43
48;172;70;10;4;91;37
48;172;108;11;12;91;60
48;172;91;12;9;92;50
48;179;77;9;8;94;42
48;187;71;7;6;97;38
48;193;90;9;10;101;50
48;191;80;8;8;99;44
48;212;91;10;9;111;50
48;219;110;13;13;116;61
48;228;125;18;11;123;68
48;213;132;49;62;131;97
48;266;138;22;19;144;78
48;307;173;12;23;159;98
48;293;186;21;20;157;103
48;216;211;38;11;127;111
48;247;115;13;12;130;63
48;239;103;15;13;127;58
48;233;94;12;9;122;51
48;213;75;9;9;111;42
48;202;68;9;8;105;38
48;216;70;7;6;111;38
48;231;85;9;5;120;45
48;229;74;12;10;120;42
48;233;70;7;5;120;37
49;156;181;25;22;90;101
49;148;140;20;21;84;80
49;146;112;18;15;82;63
49;150;92;12;17;81;54
49;164;77;8;6;86;41
49;172;68;9;8;90;38
49;187;71;9;9;98;40
49;179;78;9;8;94;43
49;173;94;9;7;91;50
49;172;107;12;11;92;59
49;192;89;9;8;100;48
49;192;78;8;9;100;43
49;216;70;9;7;112;38
49;214;77;7;6;110;41
49;211;91;9;8;110;49
49;220;111;14;15;117;63
49;229;125;15;11;122;68
49;215;133;45;58;130;95
49;212;205;40;15;126;110
49;266;138;18;16;142;77
49;283;183;28;22;155;102
49;306;174;13;17;159;95
49;245;112;13;15;129;63
49;236;102;18;15;127;58
49;234;95;9;6;121;50
49;230;83;9;8;119;45
49;228;74;11;8;119;41
49;233;68;7;4;120;36
50;155;176;22;28;88;102
50;146;140;24;21;85;80
50;147;113;14;11;80;62
50;150;95;10;10;80;52
50;166;75;7;8;86;41
50;175;68;9;6;92;37
50;172;105;11;10;91;57
50;172;90;12;10;92;50
50;182;77;6;5;94;41
50;187;71;8;7;97;39
50;192;79;11;9;101;44
50;191;88;10;9;100;48
50;210;90;11;9;110;49
50;214;74;6;8;110;41
50;205;69;6;7;105;38
50;217;69;9;7;113;38
50;231;68;10;7;120;37
50;230;74;9;8;119;41
50;228;83;11;8;119;45
50;233;93;11;8;122;50
50;217;109;14;11;115;60
50;235;101;16;10;125;55
50;244;113;15;14;129;63
50;223;125;22;9;122;67
50;265;137;18;18;141;77
50;307;173;12;16;159;94
50;278;179;30;22;154;100
50;218;134;40;53;129;93
50;212;203;38;17;125;110
50;291;212;28;10;159;111
51;150;168;27;26;88;97
51;144;134;21;21;82;77
51;146;109;17;13;81;61
51;151;91;9;10;80;50
51;165;74;9;6;87;40
51;176;68;8;4;92;36
51;172;103;10;9;91;56
51;176;91;8;7;92;49
51;181;75;8;7;94;41
51;189;70;9;6;99;38
51;193;79;10;7;101;43
51;192;87;8;9;100;48
51;210;89;9;8;109;48
51;216;106;12;9;114;57
51;220;118;16;8;118;63
51;212;126;38;54;125;90
51;205;190;37;32;121;111
51;268;170;26;18;147;94
51;297;164;23;21;160;92
51;283;201;31;19;157;110
51;257;134;20;13;138;73
51;245;112;16;10;130;61
51;231;91;14;9;122;50
51;230;81;9;8;119;44
51;230;75;10;5;120;40
51;214;74;9;6;111;40
51;204;67;9;6;106;36
51;233;71;10;4;121;37
