2;150;214;21;19;160;223
2;143;136;20;24;153;148
2;1;83;46;52;24;109
2;50;53;22;19;61;62
2;146;39;68;61;180;69
2;213;34;36;33;231;50
2;176;1;26;15;189;8
3;146;185;46;45;169;207
3;240;182;43;43;261;203
3;139;145;18;21;148;155
3;237;143;27;28;250;157
3;186;115;21;31;196;130
3;2;103;23;21;13;113
4;306;190;13;49;312;214
4;240;182;40;37;260;200
4;148;182;31;20;163;192
4;163;57;43;36;184;75
4;212;44;67;27;245;57
5;303;187;16;40;311;207
5;228;176;47;40;251;196
5;143;176;39;43;162;197
5;237;148;23;21;248;158
5;75;146;51;31;100;161
5;171;111;18;19;180;120
5;1;80;46;64;24;112
5;172;44;61;35;202;61
6;293;181;26;54;306;208
6;226;175;47;37;249;193
6;145;174;35;37;162;192
6;233;119;33;48;249;143
6;169;108;29;30;183;123
6;1;104;18;23;10;115
7;295;181;24;58;307;210
7;225;172;45;40;247;192
7;145;170;34;40;162;190
7;142;132;23;20;153;142
7;1;96;27;36;14;114
7;20;93;23;18;31;102
7;171;63;26;17;184;71
7;218;45;28;20;232;55
8;298;178;21;25;308;190
8;231;165;41;44;251;187
8;143;164;33;43;159;185
8;231;137;29;20;245;147
8;248;115;22;24;259;127
8;137;114;24;39;149;133
8;195;107;20;21;205;117
8;149;80;35;20;166;90
8;170;41;62;38;201;60
8;236;40;34;19;253;49
9;292;173;27;23;305;184
9;140;162;33;42;156;183
9;224;161;38;42;243;182
9;231;135;19;23;240;146
9;139;126;27;25;152;138
9;11;93;20;22;21;104
10;229;176;19;20;238;186
10;140;171;33;28;156;185
10;138;115;27;38;151;134
10;1;88;20;27;11;101
11;286;167;33;35;302;184
11;139;160;36;35;157;177
11;217;158;38;37;236;176
11;138;120;23;26;149;133
11;1;91;26;40;14;111
11;146;81;24;21;158;91
11;175;48;29;30;189;63
12;147;150;20;25;157;162
12;221;133;28;43;235;154
12;248;107;16;24;256;119
12;192;103;21;30;202;118
12;1;96;20;33;11;112
12;136;88;27;57;149;116
13;138;167;30;22;153;178
13;277;159;42;44;298;181
13;212;154;42;38;233;173
13;138;116;25;26;150;129
13;167;85;16;32;175;101
13;167;50;62;41;198;70
14;146;146;27;23;159;157
14;182;50;21;18;192;59
15;143;162;20;21;153;172
15;277;159;32;29;293;173
15;215;158;29;25;229;170
15;1;91;16;30;9;106
15;139;80;27;57;152;108
15;185;40;87;39;228;59
16;229;210;41;29;249;224
16;274;159;20;22;284;170
16;214;148;26;34;227;165
16;141;143;25;37;153;161
16;222;122;19;20;231;132
16;137;107;24;30;149;122
16;146;43;106;62;199;74
17;217;209;45;30;239;224
17;215;159;20;20;225;169
17;269;156;35;30;286;171
17;143;140;19;36;152;158
17;137;111;20;26;147;124
17;39;94;24;21;51;104
18;212;208;49;31;236;223
18;268;154;21;21;278;164
18;213;145;19;31;222;160
18;142;138;25;35;154;155
18;169;99;20;20;179;109
18;137;82;27;52;150;108
19;216;203;44;36;238;221
19;16;203;27;19;29;212
19;143;134;20;32;153;150
19;137;99;25;32;149;115
19;1;91;19;24;10;103
19;140;1;54;21;167;11
20;206;202;51;37;231;220
20;209;152;19;19;218;161
20;265;147;16;23;273;158
20;139;132;23;37;150;150
20;137;72;34;59;154;101
20;175;45;69;38;209;64
21;204;194;48;45;228;216
21;147;45;93;54;193;72
22;206;180;43;56;227;208
22;205;145;19;22;214;156
22;137;85;24;81;149;125
22;171;49;49;31;195;64
22;223;41;47;22;246;52
23;195;189;49;43;219;210
23;141;126;19;35;150;143
23;152;78;20;19;162;87
23;98;57;20;19;108;66
23;173;43;85;37;215;61
24;203;186;39;41;222;206
24;167;83;20;27;177;96
24;138;79;29;83;152;120
24;167;49;77;32;205;65
25;193;176;47;47;216;199
25;303;167;16;72;311;203
25;252;137;21;21;262;147
25;141;95;21;20;151;105
25;161;44;97;51;209;69
26;304;203;15;31;311;218
26;200;186;36;30;218;201
26;201;137;17;20;209;147
26;139;78;26;59;152;107
27;300;195;19;32;309;211
27;198;181;24;30;210;196
28;297;194;22;30;308;209
28;196;173;33;37;212;191
28;294;166;25;32;306;182
28;139;76;29;59;153;105
28;170;44;84;52;212;70
28;260;41;25;17;272;49
29;285;181;34;32;302;197
29;195;171;35;33;212;187
29;141;114;18;27;150;127
29;1;98;31;32;16;114
29;28;77;36;22;46;88
29;144;40;102;57;195;68
29;175;16;26;36;188;34
30;282;168;37;42;300;189
30;187;162;31;35;202;179
30;1;108;19;21;10;118
30;136;81;30;80;151;121
31;271;166;48;45;295;188
31;1;108;30;25;16;120
32;279;166;29;29;293;180
32;189;162;34;35;206;179
32;137;88;27;54;150;115
33;280;181;32;28;296;195
33;289;156;30;24;304;168
33;192;152;18;41;201;172
33;1;112;20;24;11;124
33;28;77;26;22;41;88
33;162;63;29;18;176;72
33;202;47;35;17;219;55
34;254;154;55;49;281;178
34;185;145;66;47;218;168
34;191;124;22;19;202;133
34;141;93;17;28;149;107
34;157;67;31;24;172;79
35;174;219;30;20;189;229
35;269;179;33;21;285;189
35;1;114;20;46;11;137
35;28;77;34;22;45;88
36;154;227;30;12;169;233
36;271;165;29;25;285;177
36;184;152;20;32;194;168
36;281;151;26;19;294;160
36;168;46;69;41;202;66
37;158;216;42;23;179;227
37;270;169;37;20;288;179
37;184;154;19;25;193;166
37;12;111;22;31;23;126
37;1;83;56;35;29;100
37;128;15;23;17;139;23
38;171;209;40;30;191;224
38;184;148;19;29;193;162
38;266;145;35;44;283;167
38;113;1;45;12;135;7
39;291;226;28;13;305;232
39;149;189;56;50;177;214
39;180;153;31;21;195;163
39;26;85;22;21;37;95
40;274;227;41;12;294;233
40;151;183;46;46;174;206
40;288;162;31;28;303;176
40;260;142;23;21;271;152
40;1;90;18;22;10;101
40;21;80;42;47;42;103
40;179;48;74;28;216;62
41;286;216;33;23;302;227
41;157;179;36;47;175;202
41;287;155;32;39;303;174
41;250;141;30;36;265;159
41;176;133;23;31;187;148
41;141;92;19;29;150;106
41;150;72;36;29;168;86
41;176;54;37;23;194;65
41;125;21;38;45;144;43
42;254;203;65;36;286;221
42;142;166;51;54;167;193
42;96;158;29;17;110;166
42;280;152;39;42;299;173
42;172;127;31;34;187;144
42;234;124;52;54;260;151
42;205;88;19;25;214;100
42;1;78;58;38;30;97
43;228;220;43;19;249;229
43;146;174;38;25;165;186
43;288;160;22;24;299;172
43;241;137;29;34;255;154
43;174;129;19;24;183;141
43;270;35;22;23;281;46
44;152;165;31;33;167;181
44;286;160;21;22;296;171
44;242;139;21;21;252;149
44;134;108;42;22;155;119
44;2;94;28;19;16;103
45;280;206;26;26;293;219
45;236;190;53;48;262;214
45;141;164;39;33;160;180
45;282;156;28;26;296;169
45;237;130;29;34;251;147
45;172;126;20;23;182;137
46;277;205;25;22;289;216
46;151;163;27;27;164;176
46;238;134;20;23;248;145
46;1;88;26;28;14;102
46;141;62;47;45;164;84
46;189;43;69;41;223;63
47;219;222;38;17;238;230
47;241;189;24;20;253;199
47;151;160;26;26;164;173
47;274;155;20;23;284;166
47;236;128;29;32;250;144
47;171;119;25;26;183;132
47;144;72;34;33;161;88
47;221;42;22;21;232;52
