2;220;158;27;33;123;95;
2;190;114;28;33;109;73;
2;207;49;46;22;126;35;
3;219;154;28;34;123;94;
3;183;85;22;21;102;53;
3;176;65;23;17;99;41;
3;197;49;35;22;116;35;
3;246;41;18;21;132;31;
4;279;225;40;14;159;119;
4;203;149;45;36;124;92;
4;189;114;26;28;107;71;
4;176;52;52;33;114;42;
4;230;39;25;28;127;33;
5;267;214;44;25;155;119;
5;206;144;38;35;122;89;
5;189;115;31;24;110;69;
5;28;86;25;21;26;53;
5;181;46;78;59;129;52;
6;263;203;56;36;159;119;
6;208;139;34;40;121;89;
6;186;107;28;29;107;68;
6;180;44;76;59;128;51;
7;200;142;28;26;114;84;
7;185;113;23;21;104;67;
7;181;45;77;52;129;48;
8;237;192;56;47;146;119;
8;197;134;32;30;114;82;
8;186;103;29;27;107;65;
8;18;94;27;16;22;55;
8;183;42;85;58;134;50;
9;213;194;19;21;116;107;
9;234;178;54;49;144;113;
9;196;129;43;34;119;81;
9;189;103;21;24;105;63;
9;15;91;22;20;18;55;
9;179;48;65;50;122;49;
10;195;125;31;32;113;78;
10;9;90;26;24;17;57;
10;204;47;31;35;117;41;
10;233;43;27;28;130;35;
11;227;163;44;47;135;105;
11;194;122;29;39;111;80;
11;183;104;26;18;104;61;
11;37;78;23;22;30;50;
11;186;46;71;49;128;47;
12;229;162;38;36;133;99;
12;191;120;33;31;112;75;
12;236;43;32;15;134;29;
13;226;216;33;23;129;119;
13;225;156;36;37;130;96;
13;190;117;33;28;111;72;
13;188;95;21;22;104;58;
13;1;93;25;23;13;58;
13;190;41;86;51;138;46;
14;202;205;61;34;131;119;
14;198;154;61;34;129;94;
14;183;95;38;48;110;71;
14;1;91;21;32;11;61;
14;33;85;31;27;32;56;
14;192;44;67;39;129;41;
15;206;145;44;42;125;93;
15;1;92;21;27;11;59;
15;35;91;22;19;28;55;
16;193;187;54;45;123;116;
16;307;174;12;41;159;107;
16;207;142;38;36;122;89;
16;178;92;28;44;103;68;
16;190;44;72;46;131;45;
17;189;175;51;49;120;112;
17;293;167;26;48;159;107;
17;203;138;39;35;121;86;
17;25;83;28;31;26;57;
17;184;44;75;69;129;56;
18;296;164;23;37;159;100;
18;193;106;23;24;108;65;
18;182;44;89;66;135;55;
19;183;165;46;40;114;102;
19;290;157;29;42;159;99;
19;198;136;43;30;120;83;
19;181;112;31;20;106;66;
19;180;89;20;21;100;55;
19;19;88;25;23;22;55;
19;191;45;53;40;122;42;
20;282;155;37;36;159;95;
20;192;129;41;69;116;99;
20;182;110;22;15;102;62;
20;185;43;91;62;138;52;
21;121;218;43;21;82;119;
21;166;215;33;23;99;119;
21;273;148;42;41;157;94;
21;189;127;42;64;115;95;
21;11;92;19;31;15;61;
21;183;46;67;75;125;60;
22;123;200;70;39;96;119;
22;260;151;47;31;153;91;
22;186;128;42;57;114;92;
22;213;47;34;26;123;36;
23;126;192;76;47;101;119;
23;134;192;25;22;79;107;
23;268;144;34;33;151;88;
23;173;103;53;74;113;88;
23;10;91;20;26;15;58;
23;191;50;40;35;115;42;
23;239;43;32;20;135;31;
24;268;140;31;33;149;86;
24;171;118;53;56;112;87;
24;1;88;30;46;15;67;
24;181;87;28;33;104;60;
24;194;44;79;38;136;41;
25;264;136;28;29;146;82;
25;169;123;53;44;111;83;
25;1;103;26;33;13;68;
25;180;44;102;72;141;58;
26;128;168;55;43;91;105;
26;256;148;26;15;141;81;
26;1;94;25;44;13;69;
26;169;68;51;94;110;81;
26;202;39;82;39;142;39;
27;128;159;50;43;89;101;
27;254;130;32;28;143;79;
27;168;128;34;31;101;79;
27;1;107;19;34;10;70;
27;198;50;23;27;110;38;
27;222;46;42;19;132;32;
28;128;154;49;38;88;96;
28;251;125;31;30;141;77;
28;1;99;17;44;9;71;
28;168;78;47;75;107;76;
28;207;44;66;30;136;37;
29;130;147;42;47;86;97;
29;250;123;33;29;141;76;
29;172;114;45;36;108;75;
29;1;97;12;36;6;66;
29;208;45;29;22;118;33;
30;126;141;46;41;86;91;
30;247;124;32;25;139;74;
30;1;92;16;40;8;66;
30;179;75;34;64;106;69;
30;199;38;83;40;141;39;
31;303;204;16;35;159;119;
31;139;136;30;32;84;84;
31;245;118;30;27;137;72;
31;164;109;50;29;107;69;
31;186;65;25;25;105;45;
31;207;41;76;38;141;39;
32;295;192;24;42;159;117;
32;182;107;28;17;105;62;
32;188;53;36;37;112;45;
32;225;48;18;23;121;35;
32;244;43;27;15;135;29;
33;274;198;42;35;158;116;
33;301;171;18;31;159;101;
33;238;110;35;32;136;71;
33;213;42;67;30;140;36;
34;302;194;17;45;159;119;
34;270;167;49;62;159;114;
34;129;123;38;34;83;78;
34;14;92;27;19;20;55;
34;185;61;30;53;107;57;
34;216;38;69;31;142;34;
35;259;162;60;77;159;119;
35;127;136;28;16;77;76;
35;13;92;22;22;17;57;
35;180;68;29;52;104;60;
35;211;43;48;29;129;36;
36;237;217;22;22;129;119;
36;295;203;24;36;159;119;
36;201;194;23;19;112;106;
36;255;152;64;57;159;104;
36;238;113;35;20;136;66;
36;134;65;78;86;106;75;
36;222;47;26;19;124;33;
36;265;42;17;24;141;33;
37;254;209;24;23;139;116;
37;249;176;35;26;142;101;
37;143;109;46;26;94;67;
37;2;92;25;20;13;56;
37;182;44;83;70;132;57;
38;227;107;30;25;128;66;
38;134;94;62;50;98;72;
38;1;93;23;23;12;58;
38;235;41;46;24;140;32;
39;244;196;22;32;133;114;
39;251;152;20;28;135;90;
39;1;96;19;21;10;58;
39;164;59;57;62;110;60;
39;221;44;39;25;130;34;
40;139;105;23;29;81;67;
40;1;96;17;24;9;60;
40;186;63;26;45;106;54;
40;220;44;33;26;126;35;
40;253;43;34;15;143;29;
41;139;102;26;31;82;66;
41;1;93;18;30;9;61;
41;34;80;30;21;32;50;
41;184;42;87;65;135;53;
42;228;96;22;26;125;61;
42;37;77;28;26;32;51;
42;138;66;72;63;105;64;
42;223;39;63;29;143;34;
43;139;99;23;38;81;68;
43;168;88;33;24;100;56;
43;187;58;41;28;114;43;
43;226;44;33;16;129;30;
44;240;141;52;45;146;93;
44;242;122;27;19;134;70;
44;140;96;22;27;81;61;
44;228;94;20;22;124;58;
44;184;62;34;41;109;51;
44;222;41;60;28;141;34;
45;232;116;52;60;142;88;
45;140;94;22;39;81;66;
45;33;80;27;27;30;53;
45;183;64;24;36;103;50;
45;214;44;51;24;132;34;
46;234;116;46;51;140;83;
46;26;80;28;28;27;54;
46;140;61;74;56;107;58;
46;231;44;39;23;135;33;
47;231;113;46;57;138;85;
47;140;90;23;27;81;58;
47;26;86;23;22;24;54;
47;185;43;73;54;129;48;
48;238;109;34;35;136;72;
48;142;87;20;26;81;56;
48;21;85;25;25;23;55;
48;170;61;45;40;107;50;
48;216;40;59;26;137;33;
49;231;107;44;51;137;79;
49;18;83;19;25;18;54;
49;170;41;109;60;139;50;
50;228;102;42;50;135;76;
50;142;85;24;23;83;54;
50;15;85;27;23;21;54;
50;171;57;59;38;115;47;
50;238;44;26;19;132;31;
51;208;216;45;23;126;119;
51;162;215;45;24;103;119;
51;226;118;42;38;134;78;
51;223;90;14;26;118;58;
51;11;89;24;23;17;56;
51;146;81;23;20;84;50;
51;185;58;33;36;109;47;
51;219;42;48;22;133;32;
52;195;205;59;34;127;119;
52;148;204;51;34;99;119;
52;218;98;43;57;130;77;
52;9;87;29;28;19;57;
52;147;80;22;24;84;52;
52;182;63;42;30;112;46;
52;223;42;51;23;137;32;
