2;23;129;55;24;39;76;
2;114;112;24;26;69;69;
2;64;86;19;31;41;58;
2;16;61;30;37;23;49;
3;15;134;55;19;35;76;
3;172;122;23;31;97;76;
3;71;102;70;44;70;73;
3;163;93;19;27;91;60;
3;61;79;30;42;45;60;
3;17;67;29;24;23;45;
3;72;53;18;25;45;39;
4;23;127;47;26;35;76;
4;161;124;34;29;97;76;
5;25;122;40;31;32;76;
5;162;118;33;35;97;76;
5;87;88;47;49;67;68;
5;60;79;39;66;49;72;
5;17;69;19;22;18;45;
5;16;29;20;29;18;29;
5;54;1;52;15;53;8;
6;150;113;45;40;97;76;
6;16;58;28;29;22;43;
6;45;40;23;28;34;34;
6;16;27;20;30;18;28;
6;60;1;25;31;42;16;
6;34;1;24;23;29;12;
7;91;142;44;11;67;76;
7;22;126;43;27;32;76;
7;157;119;28;34;92;76;
7;106;96;23;24;64;60;
7;152;94;20;20;86;57;
7;57;75;28;39;42;57;
7;16;26;25;57;20;41;
7;35;6;20;33;27;19;
8;84;138;39;15;61;76;
8;144;103;51;50;97;76;
8;99;100;29;27;64;63;
8;19;60;22;18;20;39;
9;88;134;38;19;63;76;
9;21;107;36;38;28;72;
9;158;106;37;47;97;76;
9;55;71;34;60;44;65;
9;16;50;23;34;19;42;
9;16;26;20;21;18;23;
9;35;1;41;31;38;16;
10;146;137;45;16;95;76;
10;91;129;35;24;63;76;
10;155;105;40;42;97;73;
10;19;104;41;42;30;73;
10;98;89;21;32;59;60;
10;56;71;40;55;48;63;
10;39;36;24;17;31;26;
10;16;23;27;52;21;37;
11;88;124;31;29;59;76;
11;97;99;22;19;59;59;
11;17;99;29;42;23;70;
11;139;91;56;62;97;76;
11;51;71;35;55;43;63;
11;42;24;23;28;32;26;
11;17;1;68;71;42;36;
12;141;133;54;20;97;76;
12;77;133;42;20;59;76;
12;95;94;23;23;59;58;
12;55;67;29;52;42;59;
12;17;1;76;68;46;34;
13;77;121;39;32;58;76;
13;17;91;37;40;27;65;
13;93;87;27;27;60;57;
13;53;64;31;55;42;59;
13;18;46;24;22;21;34;
13;19;20;25;23;22;21;
13;38;1;44;19;41;10;
14;67;118;53;35;60;76;
14;132;95;53;58;92;76;
14;16;91;36;35;26;63;
14;92;85;27;28;59;56;
14;162;82;33;63;97;72;
14;53;62;22;25;37;43;
14;18;1;49;64;33;32;
15;74;116;31;37;52;76;
15;159;99;36;35;97;67;
15;55;91;22;21;38;56;
15;88;81;24;31;56;56;
15;162;72;25;26;93;49;
15;16;53;61;70;38;61;
15;67;20;19;26;43;23;
15;17;1;91;63;54;32;
16;129;123;40;19;84;71;
16;74;112;36;36;55;74;
16;157;97;29;27;93;62;
16;131;87;28;32;79;59;
16;89;83;21;25;55;54;
16;15;80;36;36;25;58;
16;47;59;27;28;37;43;
16;17;1;67;75;42;38;
17;164;119;27;26;95;72;
17;127;115;30;26;78;70;
17;71;107;35;40;53;73;
17;151;94;32;28;91;61;
17;133;85;23;30;78;57;
17;90;83;18;20;54;51;
17;26;80;23;23;24;51;
17;164;73;22;19;93;46;
17;50;60;25;23;37;41;
17;17;1;63;63;40;32;
18;82;123;21;18;51;70;
18;128;108;59;33;93;70;
18;151;92;29;26;90;59;
18;86;79;23;24;54;51;
18;23;75;27;24;25;49;
18;161;71;19;21;90;46;
18;55;56;19;44;37;50;
18;18;1;74;58;46;29;
19;19;1;62;55;40;28;
20;66;117;21;18;43;67;
20;19;1;92;40;55;20;
21;70;102;31;26;50;64;
21;131;81;48;46;89;63;
21;50;72;22;25;36;48;
21;15;67;29;33;22;50;
21;17;11;40;41;28;26;
22;85;134;50;19;67;76;
22;66;101;32;39;49;70;
22;144;73;23;26;83;49;
22;82;73;24;23;53;48;
22;13;65;28;33;20;49;
22;50;63;22;32;36;47;
22;117;59;26;36;71;47;
22;20;1;89;47;54;24;
23;78;138;55;15;66;76;
23;63;97;32;34;47;65;
23;142;81;27;36;84;58;
23;82;71;21;22;51;46;
23;48;63;21;38;34;50;
23;15;60;24;36;19;48;
23;46;24;38;25;42;24;
23;18;1;74;57;46;29;
24;88;137;37;16;62;76;
24;64;101;26;27;45;64;
24;50;69;18;23;34;46;
24;12;59;27;34;19;46;
24;40;22;23;26;31;24;
24;20;1;37;48;28;24;
25;76;127;47;26;61;76;
25;62;99;30;27;46;63;
25;82;68;20;23;51;45;
25;13;59;26;43;19;51;
25;44;57;24;34;34;45;
25;18;1;58;46;38;23;
26;72;135;48;18;60;76;
26;179;101;16;52;97;76;
26;60;86;22;37;41;61;
26;14;61;19;31;16;46;
26;48;54;18;34;33;44;
26;20;1;63;45;41;23;
27;78;142;51;11;64;76;
27;143;133;52;20;97;76;
27;60;94;19;24;39;59;
27;138;75;19;19;78;47;
27;13;51;26;33;19;42;
27;18;9;39;39;28;24;
28;71;119;47;34;59;76;
28;57;97;24;21;40;59;
28;143;96;52;57;97;76;
28;137;73;24;29;80;51;
28;13;49;24;34;18;41;
28;47;45;22;40;34;42;
28;19;1;72;47;45;24;
29;129;121;66;32;97;76;
29;68;119;49;34;58;76;
29;60;82;23;34;41;58;
29;14;47;22;33;18;40;
29;20;7;27;36;23;21;
30;161;142;34;11;97;76;
30;59;89;21;24;40;56;
30;167;77;28;35;97;56;
30;46;44;17;35;31;39;
30;13;44;24;32;18;38;
30;22;1;58;41;40;21;
31;131;127;64;26;97;76;
31;76;114;34;33;55;73;
31;60;87;18;24;39;55;
31;47;43;17;37;32;40;
31;14;1;63;73;38;37;
32;65;112;41;41;53;76;
32;127;104;68;49;97;76;
32;53;90;21;21;37;55;
32;167;80;23;35;95;57;
33;68;113;32;28;50;70;
33;53;83;20;22;36;52;
33;163;81;23;30;93;55;
33;129;50;16;32;72;41;
33;14;50;22;21;18;35;
33;33;9;23;20;28;14;
34;130;119;32;28;81;73;
34;175;115;20;24;97;69;
34;68;110;34;28;51;69;
34;163;86;20;22;91;54;
34;52;81;20;22;36;51;
34;13;38;22;40;17;39;
34;69;33;16;24;42;28;
34;21;1;48;48;34;24;
35;123;107;39;46;81;76;
35;65;106;45;34;55;70;
35;161;98;34;55;97;76;
35;100;81;25;17;62;49;
35;50;80;20;23;35;51;
35;14;49;19;23;16;36;
35;69;32;16;24;42;28;
35;78;1;24;25;51;13;
35;22;1;55;28;38;14;
36;63;105;36;28;49;66;
36;53;76;18;24;35;50;
36;66;21;21;28;43;24;
36;15;3;51;61;33;32;
37;47;120;19;23;33;71;
37;64;98;33;30;48;64;
37;49;74;22;25;35;49;
37;26;1;57;67;41;34;
38;114;103;50;50;82;76;
38;60;100;37;27;48;63;
38;152;90;43;58;97;74;
38;52;74;16;28;34;51;
38;121;43;31;29;76;36;
38;46;34;35;21;40;27;
38;15;23;21;37;18;30;
38;35;1;49;27;42;14;
39;62;104;22;20;42;62;
39;97;101;51;52;74;76;
39;149;91;46;62;97;76;
39;47;32;18;31;32;31;
39;84;1;25;14;54;7;
39;47;1;31;18;39;9;
40;60;95;25;24;42;59;
40;89;93;59;60;74;76;
40;146;87;49;62;97;74;
40;17;25;21;33;19;29;
40;44;24;19;29;31;26;
40;37;1;65;24;51;12;
41;36;141;48;12;42;76;
41;60;93;23;26;41;59;
41;94;91;49;62;71;76;
41;141;71;54;82;97;76;
41;47;64;19;26;33;45;
41;18;16;21;36;19;26;
41;38;1;38;16;38;8;
42;58;96;19;19;38;57;
42;139;93;56;50;97;71;
42;93;89;48;62;70;75;
42;18;37;16;23;17;30;
42;39;1;33;16;36;8;
43;19;135;72;18;45;76;
43;94;129;36;24;65;76;
43;130;125;49;28;89;76;
43;99;93;35;35;67;64;
43;56;88;27;29;41;58;
43;136;69;37;55;86;62;
43;43;1;28;23;35;12;
44;167;117;28;24;97;70;
44;95;91;36;50;65;70;
44;55;89;21;23;38;56;
44;134;87;34;34;84;60;
44;144;66;23;29;83;47;
44;44;33;19;28;31;30;
44;33;1;49;18;41;9;
45;103;140;72;13;87;76;
45;25;123;45;30;35;76;
45;164;104;31;37;97;70;
45;55;85;23;25;39;55;
45;92;79;51;41;71;60;
45;139;77;33;41;86;59;
45;17;27;21;19;19;23;
46;128;143;49;10;88;76;
46;25;116;100;37;62;76;
46;180;108;15;33;97;70;
46;55;83;19;22;37;52;
46;97;77;63;40;80;58;
46;19;25;21;20;20;22;
46;78;1;23;26;50;13;
46;39;1;27;16;33;8;
47;155;104;19;22;87;63;
47;182;101;13;38;97;69;
47;38;35;43;45;40;40;
47;18;21;24;30;21;25;
47;32;1;71;38;51;19;
48;13;93;50;60;31;76;
48;52;81;19;20;35;50;
48;18;1;65;43;41;22;
49;139;82;27;25;83;53;
49;50;80;19;18;34;49;
49;87;75;28;31;57;53;
49;42;28;16;27;29;27;
49;21;1;90;40;55;20;
50;116;123;62;30;89;76;
50;69;122;45;31;57;76;
50;18;95;43;44;30;69;
50;99;79;56;38;77;58;
50;50;73;24;23;37;48;
50;20;1;49;46;34;23;
