2;257;206;25;22;141;114;
2;253;156;18;20;135;88;
2;195;153;21;22;108;87;
3;255;204;31;24;143;114;
3;3;100;21;28;12;64;
3;162;92;15;30;88;61;
3;35;92;30;19;32;55;
4;230;226;27;13;128;119;
4;155;218;20;20;87;119;
4;304;202;15;37;159;119;
4;241;183;44;43;142;113;
4;141;155;31;38;86;96;
4;193;144;22;24;107;84;
4;141;114;19;20;80;67;
4;1;98;27;32;14;65;
4;147;73;38;26;92;49;
4;217;49;31;17;124;33;
4;187;47;25;31;106;39;
5;295;199;24;40;159;119;
5;221;182;59;57;140;119;
5;139;156;30;37;84;96;
5;189;144;21;23;105;83;
5;140;121;18;22;79;71;
5;1;105;17;27;9;66;
5;39;97;26;21;32;59;
5;149;79;33;33;91;56;
5;200;52;21;20;110;36;
5;223;47;30;19;126;33;
6;287;195;32;44;159;119;
6;225;190;53;46;139;118;
6;144;150;24;38;84;94;
6;187;142;26;22;106;82;
6;120;98;23;20;71;59;
6;15;87;35;39;25;63;
6;170;52;48;29;109;40;
6;137;1;53;17;95;9;
7;174;205;21;20;97;112;
7;290;192;29;47;159;119;
7;211;180;63;59;137;119;
7;141;143;28;41;84;92;
7;185;138;26;23;105;80;
7;139;120;18;19;78;69;
7;28;96;32;22;30;59;
7;164;60;26;47;95;53;
7;228;46;32;16;130;31;
8;152;229;46;10;99;119;
8;171;200;25;24;98;112;
8;207;170;63;69;135;119;
8;296;163;23;60;159;111;
8;143;147;27;34;85;90;
8;183;136;22;21;102;78;
8;137;118;21;23;79;70;
8;150;60;57;46;103;53;
8;220;46;26;35;123;40;
9;219;199;93;40;156;119;
9;137;195;55;44;96;119;
9;234;176;30;36;132;106;
9;289;147;30;70;159;108;
9;142;142;30;38;86;90;
9;184;134;20;21;102;77;
9;168;54;46;33;107;43;
9;221;36;53;30;137;33;
10;150;198;40;41;95;119;
10;269;166;50;73;159;119;
10;144;147;27;30;85;88;
10;185;132;18;20;101;76;
10;11;97;23;23;17;60;
10;173;60;31;20;102;40;
10;206;46;38;19;122;32;
11;152;192;36;43;94;117;
11;263;177;52;62;157;119;
11;198;176;62;63;130;119;
11;301;154;18;23;159;88;
11;143;146;25;19;84;82;
11;4;99;29;16;16;57;
11;168;51;29;37;98;44;
12;153;187;34;43;93;115;
12;261;175;44;61;152;118;
12;195;174;56;62;125;118;
12;146;135;17;30;81;82;
12;1;95;34;35;17;65;
12;40;85;20;23;30;54;
12;161;53;52;41;106;47;
13;157;181;23;45;90;113;
13;249;173;48;61;148;117;
13;198;170;49;48;123;109;
13;142;141;22;28;82;84;
13;181;126;18;20;99;73;
13;1;93;27;25;14;59;
13;37;92;19;19;28;55;
13;161;48;51;35;106;41;
13;224;46;36;21;130;33;
14;201;195;42;25;121;110;
14;154;176;23;34;88;105;
14;258;170;36;62;147;116;
14;225;168;18;22;121;95;
14;306;162;13;33;159;97;
14;142;119;22;43;82;81;
14;1;98;34;37;17;67;
14;162;57;32;42;97;49;
14;202;49;37;21;119;35;
14;254;41;19;21;136;31;
15;150;185;33;34;91;109;
15;198;182;39;36;118;109;
15;257;166;40;63;148;114;
15;223;166;20;22;121;94;
15;299;145;20;35;159;90;
15;143;133;22;25;82;79;
15;1;92;25;43;13;67;
15;166;79;18;21;92;50;
15;172;47;86;34;129;40;
16;197;186;39;31;118;108;
16;153;174;32;41;92;107;
16;253;164;47;59;150;111;
16;222;163;17;21;119;92;
16;143;130;16;27;79;78;
16;1;106;29;31;15;68;
16;29;88;20;20;24;54;
16;160;54;67;37;113;45;
17;164;191;19;20;91;105;
17;236;171;61;48;148;109;
17;194;161;43;56;118;108;
17;293;146;26;36;159;91;
17;142;125;21;33;81;79;
17;1;107;32;35;16;71;
17;160;54;46;44;103;49;
18;246;180;34;36;140;108;
18;194;166;17;39;105;102;
18;268;159;23;28;145;93;
18;297;145;22;42;159;93;
18;140;127;21;33;80;80;
18;1;101;29;41;15;71;
18;165;47;77;50;121;48;
19;243;161;44;50;143;105;
19;194;155;41;38;117;96;
19;191;154;22;24;106;89;
19;142;124;21;28;81;76;
19;142;97;20;20;81;58;
19;171;53;37;43;104;48;
19;232;45;32;16;132;30;
20;185;171;37;28;111;99;
20;240;157;43;51;141;104;
20;294;142;25;20;159;81;
20;137;126;28;54;82;90;
20;1;103;29;37;15;70;
20;160;62;31;34;95;48;
20;193;51;29;18;111;34;
21;286;216;24;23;155;119;
21;237;167;33;37;135;102;
21;188;156;42;36;115;96;
21;142;121;19;28;80;74;
21;5;89;54;29;29;59;
21;182;45;70;31;126;38;
22;275;210;28;24;151;117;
22;182;168;26;23;104;95;
22;237;166;42;29;139;97;
22;140;122;17;26;78;74;
22;1;94;49;44;25;69;
22;164;50;48;40;106;45;
23;249;208;21;26;135;117;
23;272;207;22;28;147;117;
23;233;167;36;27;134;97;
23;183;161;26;26;104;93;
23;208;146;18;21;113;83;
23;138;120;33;68;85;94;
23;1;94;30;39;15;66;
23;38;84;19;18;28;51;
23;161;48;59;50;110;49;
23;224;45;29;20;126;32;
24;177;221;32;18;104;119;
24;259;204;40;35;149;119;
24;181;159;24;25;102;92;
24;242;153;34;37;138;95;
24;141;111;19;21;80;66;
24;1;86;28;36;14;61;
24;163;49;65;44;114;46;
25;226;224;31;15;128;119;
25;299;202;20;31;159;116;
25;264;202;28;29;146;115;
25;181;156;24;20;102;88;
25;253;151;21;23;137;87;
25;140;113;21;29;80;71;
25;1;95;22;43;11;69;
25;161;61;33;33;97;47;
26;168;208;39;31;103;119;
26;228;196;66;43;147;119;
26;222;161;29;22;125;91;
26;179;153;21;21;100;87;
26;282;135;16;26;149;80;
26;1;95;20;31;10;63;
26;22;87;27;25;24;56;
26;252;43;22;19;137;31;
26;162;41;87;38;124;39;
27;159;207;47;32;103;119;
27;304;187;15;52;159;119;
27;177;153;19;21;98;87;
27;246;142;24;32;135;87;
27;142;110;20;26;81;68;
27;1;100;17;24;9;62;
27;171;72;24;28;97;50;
27;228;45;28;18;128;31;
28;153;204;43;35;98;119;
28;288;190;31;49;159;119;
28;220;188;65;51;142;119;
28;246;140;22;30;134;85;
28;1;97;12;30;6;63;
28;163;51;54;61;108;56;
29;149;197;34;40;91;118;
29;287;183;32;55;159;119;
29;175;148;20;25;97;86;
29;218;140;49;41;133;90;
29;141;108;20;29;80;68;
29;170;52;26;27;98;39;
29;202;46;27;24;114;35;
30;159;194;39;45;99;119;
30;281;180;38;54;159;117;
31;154;202;42;34;98;118;
31;278;177;41;50;159;113;
31;213;145;25;28;119;86;
31;240;142;22;26;131;84;
31;145;135;18;29;81;82;
31;167;96;19;20;93;58;
31;16;90;22;20;19;55;
31;170;44;57;46;113;45;
32;153;189;38;39;95;114;
32;274;174;45;42;159;108;
32;212;143;24;28;118;85;
32;241;139;18;22;129;80;
32;15;90;22;22;18;56;
32;146;80;24;23;85;51;
32;177;58;28;35;102;46;
33;154;185;35;34;94;109;
33;267;171;52;47;159;109;
33;144;130;19;34;81;82;
33;199;32;29;31;114;31;
34;158;197;20;23;89;110;
34;206;172;56;53;131;112;
34;266;170;44;32;155;101;
34;212;148;18;20;115;84;
34;172;135;18;20;95;77;
34;140;111;21;52;80;81;
34;1;92;32;24;16;58;
35;200;170;54;51;127;110;
35;264;168;41;58;152;113;
35;306;158;13;29;159;93;
35;207;146;19;20;113;83;
35;169;132;22;21;95;76;
35;144;126;18;26;81;76;
35;1;96;23;19;12;57;
35;181;60;29;22;105;41;
36;151;179;32;32;91;105;
36;260;161;54;43;157;102;
36;199;161;54;52;126;106;
36;205;145;20;20;112;82;
36;167;117;22;33;94;75;
36;142;102;21;48;81;75;
36;172;58;22;25;97;41;
36;201;44;38;27;119;35;
37;151;183;31;26;91;104;
37;260;160;37;23;148;91;
37;195;158;55;52;125;105;
37;185;42;75;37;130;39;
38;147;178;37;28;92;103;
38;264;159;34;36;149;97;
38;187;155;61;50;124;102;
38;136;116;24;38;80;77;
38;169;111;18;30;93;70;
38;37;95;19;19;28;57;
38;168;63;26;44;97;53;
38;192;36;76;33;134;34;
39;182;156;57;45;119;100;
39;262;155;28;40;145;97;
39;307;152;12;78;159;115;
39;139;119;22;35;80;77;
39;143;87;18;28;80;57;
39;186;45;47;36;116;40;
40;165;223;27;16;96;119;
40;147;172;25;24;86;98;
40;261;156;17;33;139;94;
40;190;154;45;42;117;98;
40;304;151;15;26;159;88;
40;139;117;23;31;81;74;
40;176;61;21;21;98;41;
41;153;218;50;21;101;119;
41;294;190;25;47;159;118;
41;147;169;26;20;86;94;
41;258;152;18;32;138;92;
41;188;151;34;41;111;96;
41;143;86;19;27;81;56;
41;187;46;47;35;117;40;
41;236;39;27;24;131;31;
42;155;213;46;26;100;119;
42;259;205;60;34;159;119;
42;139;157;31;30;85;93;
42;243;149;28;20;135;84;
42;189;147;47;40;118;93;
42;144;82;31;29;87;55;
42;206;35;63;31;134;33;
43;233;211;74;28;153;119;
43;150;205;52;34;101;119;
43;299;190;20;49;159;119;
43;145;159;17;24;81;91;
43;255;150;17;36;136;93;
43;189;146;27;28;108;87;
43;143;91;19;29;81;60;
43;172;28;71;61;121;44;
44;228;217;31;22;129;119;
44;152;205;45;34;98;119;
44;266;191;53;48;159;119;
44;144;157;18;24;81;90;
44;184;143;42;35;113;89;
45;215;202;74;37;144;119;
45;139;201;57;38;98;119;
45;280;186;39;52;159;119;
45;185;128;31;40;108;84;
45;142;89;20;21;81;55;
45;204;40;27;28;115;34;
46;150;209;48;30;99;119;
46;144;156;24;20;84;88;
46;179;138;27;36;103;87;
46;40;88;19;20;29;54;
46;171;56;23;48;97;52;
46;232;43;30;17;131;30;
47;147;192;42;44;94;118;
47;145;140;21;37;83;88;
47;181;125;33;38;107;81;
47;162;95;19;18;90;56;
47;145;80;20;20;82;50;
47;180;43;52;36;116;39;
47;237;37;28;25;132;31;
48;208;195;68;44;138;119;
48;149;187;38;46;93;116;
48;281;173;38;37;159;105;
48;7;107;19;19;13;63;
48;35;83;25;23;30;53;
48;179;47;35;34;107;40;
49;204;190;70;49;137;119;
49;138;186;48;42;93;114;
49;275;168;44;48;159;108;
49;208;138;20;19;114;78;
49;179;123;32;30;105;76;
49;7;103;22;25;14;64;
50;195;187;75;44;135;115;
50;145;178;42;48;93;113;
50;272;167;47;46;159;106;
50;4;105;20;19;12;62;
50;194;30;61;36;127;33;
51;194;182;47;46;120;114;
51;149;179;32;42;90;110;
51;268;164;37;39;152;101;
51;139;127;20;22;79;74;
51;1;105;20;25;10;65;
51;142;97;17;21;79;59;
51;177;54;32;28;104;41;
52;197;178;40;49;118;113;
52;148;175;36;41;92;108;
52;237;160;65;57;151;108;
52;140;128;25;34;82;81;
52;1;109;17;23;9;66;
52;166;89;22;21;94;55;
52;33;87;17;22;25;54;
52;196;48;25;31;110;39;
52;229;43;24;19;126;31;
