2;268;204;42;35;155;119;
2;202;190;43;49;122;119;
2;210;145;35;42;122;93;
2;163;84;30;40;96;62;
2;216;36;68;77;142;56;
3;189;180;57;53;123;116;
3;203;145;41;36;122;90;
3;222;92;29;23;125;57;
3;161;90;28;27;94;58;
3;185;65;28;16;106;40;
3;218;36;76;38;147;37;
4;247;183;49;49;148;116;
4;305;182;14;42;159;112;
4;184;176;46;50;115;113;
4;200;135;39;39;119;87;
4;211;45;47;33;129;39;
4;255;33;19;20;137;26;
5;234;180;51;42;142;111;
5;292;173;27;66;159;119;
5;183;170;40;40;111;105;
5;196;128;37;41;116;84;
5;188;61;25;34;106;47;
5;211;45;48;25;129;35;
5;259;37;39;19;149;28;
6;228;171;50;39;139;105;
6;188;166;23;38;105;102;
6;289;164;30;70;159;117;
6;195;127;39;36;117;81;
6;164;93;20;20;92;56;
6;215;42;51;35;133;38;
6;278;36;23;18;150;27;
7;272;182;31;29;151;105;
7;293;172;26;54;159;113;
7;221;163;47;48;134;105;
7;181;124;40;67;110;95;
8;226;158;34;42;130;100;
8;184;156;28;31;106;93;
8;276;152;43;69;159;110;
8;191;119;34;35;112;77;
8;183;43;71;49;127;46;
8;276;38;25;16;150;27;
9;213;152;41;42;127;97;
9;176;146;33;40;104;93;
9;277;145;42;63;159;104;
9;190;120;30;30;110;75;
9;185;70;22;21;103;45;
9;218;37;65;45;141;41;
10;274;167;35;35;154;101;
10;222;151;30;37;126;94;
10;274;142;40;26;157;84;
10;176;113;44;67;110;90;
10;186;43;69;47;127;45;
11;256;144;47;48;151;96;
11;206;142;36;41;121;91;
11;171;141;33;30;102;85;
11;187;109;31;32;109;70;
11;220;85;19;20;119;52;
11;185;55;34;34;109;44;
11;224;43;34;26;129;34;
12;252;140;50;51;151;95;
12;186;58;37;30;111;44;
12;221;39;74;32;147;35;
13;258;129;41;54;149;91;
13;168;116;36;50;102;83;
13;42;87;19;18;30;52;
13;185;40;105;48;145;44;
14;199;129;39;38;119;83;
14;239;127;57;50;148;88;
14;168;100;46;58;107;79;
14;191;65;24;20;107;42;
14;227;38;58;30;142;34;
15;206;138;25;24;115;81;
15;243;124;44;48;143;86;
15;166;112;38;43;102;77;
15;189;46;39;39;114;42;
15;229;41;31;32;130;36;
15;262;38;34;19;148;28;
16;197;122;33;35;115;78;
16;263;121;21;23;142;72;
16;164;99;45;63;104;81;
16;33;87;21;23;27;55;
16;191;39;94;44;142;41;
17;239;121;33;46;136;83;
17;195;117;35;39;115;78;
17;163;117;30;30;96;73;
17;188;49;22;34;105;41;
17;220;43;43;27;131;35;
18;198;128;24;24;111;76;
18;236;117;42;46;139;81;
18;165;103;33;43;99;73;
18;31;84;29;20;30;52;
18;193;43;68;33;130;38;
19;231;114;40;46;135;80;
19;164;113;58;34;111;73;
19;181;99;23;21;102;60;
19;182;54;29;26;105;40;
19;235;43;48;25;141;34;
20;237;119;28;24;132;71;
20;163;97;57;49;110;73;
20;194;44;72;38;133;41;
21;195;119;18;19;106;69;
21;224;112;45;38;134;75;
21;166;108;24;29;95;68;
21;189;50;26;32;107;41;
21;226;44;42;30;134;37;
22;244;110;19;27;131;68;
22;164;93;52;43;108;68;
22;34;90;23;21;28;55;
22;174;52;53;39;113;45;
22;234;41;35;33;134;37;
23;189;111;23;22;106;66;
23;163;110;24;20;93;65;
23;188;88;18;18;103;53;
23;203;53;23;23;113;38;
23;230;43;36;28;133;35;
23;270;36;28;20;149;28;
24;221;102;30;28;125;65;
24;160;99;45;30;102;64;
24;6;88;47;30;26;59;
24;180;59;28;22;104;40;
24;214;45;54;27;134;36;
25;218;110;18;27;118;68;
25;239;106;24;25;131;65;
25;164;82;50;45;107;63;
25;23;80;37;29;30;54;
25;199;46;73;29;136;37;
26;209;107;25;27;117;67;
26;204;54;20;22;112;38;
26;227;47;28;24;127;35;
26;259;41;33;20;146;30;
27;235;100;22;26;128;63;
27;1;88;43;34;22;61;
27;247;38;39;25;143;31;
28;213;93;24;36;118;64;
28;1;91;24;35;12;63;
28;29;89;19;25;24;57;
28;159;68;52;57;105;62;
28;202;48;22;23;112;35;
29;302;163;17;48;159;105;
29;1;90;20;34;10;62;
29;183;83;21;35;102;59;
29;224;55;28;25;126;40;
29;171;47;54;35;112;41;
30;291;161;28;43;159;102;
30;1;91;22;37;11;64;
30;222;51;29;34;125;42;
30;255;41;22;20;138;30;
31;288;154;31;50;159;102;
31;182;93;30;23;106;58;
31;185;43;84;51;134;47;
32;289;154;30;38;159;96;
32;1;96;17;35;9;65;
32;161;92;85;32;123;62;
32;186;73;20;19;103;46;
32;240;44;35;26;137;35;
33;275;154;44;32;159;93;
33;187;48;68;62;127;55;
34;297;196;22;35;159;115;
34;281;150;38;32;159;91;
34;1;98;30;36;15;67;
34;198;45;38;37;118;41;
34;238;39;49;25;143;32;
35;288;185;31;54;159;119;
35;275;141;44;36;159;88;
35;211;93;29;22;120;57;
35;183;59;22;48;102;53;
35;209;44;52;26;130;35;
35;262;40;28;16;145;28;
36;283;184;36;55;159;119;
36;272;142;33;29;152;85;
36;181;54;29;52;105;53;
36;219;48;40;23;129;35;
37;210;90;31;22;120;56;
37;165;63;37;42;101;52;
37;217;40;66;40;141;40;
38;256;138;40;27;148;82;
38;215;44;46;32;130;38;
39;186;73;18;30;102;51;
39;226;40;55;27;140;33;
40;258;158;40;53;149;105;
40;256;135;32;20;144;77;
40;167;68;50;35;108;51;
40;223;42;39;37;131;39;
41;254;154;39;46;146;100;
41;256;126;28;26;142;76;
41;184;62;27;34;105;48;
41;226;46;38;22;132;34;
42;248;123;38;70;143;96;
42;224;84;18;19;121;51;
42;180;42;87;55;133;48;
43;239;119;42;69;140;94;
44;237;116;38;65;137;90;
44;188;41;76;54;132;47;
45;241;137;27;37;134;87;
45;203;58;21;21;112;39;
45;225;45;32;24;128;34;
46;240;116;31;55;135;85;
46;220;77;21;20;120;48;
46;266;46;24;18;145;32;
47;235;109;34;59;134;84;
48;228;110;36;55;132;82;
48;174;44;94;49;134;46;
49;223;108;40;52;131;80;
49;172;62;21;20;96;41;
49;204;51;30;45;117;48;
49;231;36;67;31;149;33;
50;214;216;39;23;126;119;
50;302;155;17;24;159;89;
50;231;120;24;22;127;71;
50;178;70;24;20;101;45;
50;248;35;23;26;135;30;
51;200;208;57;31;128;119;
51;225;103;33;50;129;76;
