2;249;187;31;41;140;114;
2;207;185;24;33;115;109;
2;147;154;30;37;88;95;
2;140;111;20;20;80;65;
3;248;187;29;38;138;112;
3;203;176;34;44;118;110;
3;143;154;23;38;83;96;
3;209;46;34;21;121;33;
4;176;227;31;12;103;119;
4;239;182;31;41;135;111;
4;287;180;24;34;155;107;
4;194;180;38;40;116;110;
4;262;154;20;21;141;87;
4;142;148;33;44;87;96;
5;175;215;22;24;98;119;
5;245;181;18;29;131;105;
5;284;178;25;33;154;105;
5;200;170;33;44;116;107;
5;131;152;42;38;86;95;
5;136;94;24;46;80;70;
5;189;46;40;42;114;44;
6;175;218;25;21;100;119;
6;238;177;28;37;133;107;
6;280;176;22;32;151;104;
6;194;169;36;42;115;105;
6;141;154;28;34;84;94;
6;27;92;41;23;34;57;
6;177;47;34;18;105;32;
6;232;35;27;30;129;32;
7;241;178;26;25;133;101;
7;279;176;32;31;155;103;
7;190;164;38;45;114;104;
7;142;144;28;38;85;91;
7;23;89;31;23;27;56;
7;147;76;21;24;84;50;
7;204;48;29;17;116;32;
8;172;209;24;23;98;116;
8;234;181;32;24;133;102;
8;191;165;35;41;113;103;
8;257;162;46;46;151;104;
8;142;150;25;31;83;90;
8;172;138;19;23;95;80;
8;16;93;32;20;24;56;
9;229;183;28;27;128;105;
9;275;169;24;25;149;97;
9;185;163;42;44;113;103;
9;140;154;29;25;84;89;
9;171;133;23;27;97;80;
9;12;88;40;25;26;56;
10;150;227;52;12;101;119;
10;168;204;24;23;96;113;
10;228;165;64;39;146;102;
10;140;155;29;23;84;89;
10;192;148;32;52;112;100;
10;142;89;21;34;81;61;
10;10;89;33;24;21;56;
10;208;46;36;21;122;33;
11;135;216;61;23;98;119;
11;228;170;29;36;128;103;
11;274;166;20;28;147;97;
11;140;129;48;50;94;89;
11;177;63;23;25;100;44;
12;147;196;46;43;96;119;
12;228;165;31;36;129;100;
12;187;154;35;41;111;97;
12;139;137;27;38;83;87;
12;140;101;23;22;81;61;
12;4;93;31;23;17;58;
12;159;64;19;30;89;47;
12;191;50;19;35;105;42;
13;168;196;23;27;95;111;
13;230;167;22;31;126;99;
13;188;160;21;34;104;97;
13;167;128;22;25;94;76;
13;141;100;20;21;80;60;
13;1;93;25;24;13;58;
13;172;65;20;22;96;43;
13;221;48;22;18;121;33;
14;150;216;25;21;87;118;
14;226;162;26;33;126;97;
14;187;157;25;33;106;95;
14;141;139;19;30;80;84;
14;35;93;25;23;30;58;
14;1;92;27;27;14;59;
14;145;83;19;21;82;52;
14;189;48;33;37;111;42;
15;222;225;39;14;130;119;
15;273;216;38;19;155;117;
15;144;198;36;33;90;115;
15;223;167;20;27;121;97;
15;188;152;20;28;104;90;
15;169;126;19;20;94;73;
15;1;93;23;28;12;60;
15;161;43;35;45;98;44;
16;228;216;32;23;130;119;
16;264;210;41;23;152;116;
16;153;196;31;30;92;113;
16;266;158;19;27;142;92;
16;223;156;27;35;125;95;
16;183;152;27;32;105;92;
16;1;93;17;28;9;60;
16;33;92;23;23;28;57;
16;187;63;19;22;103;42;
17;207;213;54;26;130;119;
17;274;206;30;33;152;119;
17;154;185;29;36;91;110;
17;184;156;26;24;105;90;
17;222;155;25;35;123;95;
17;142;129;22;21;82;75;
17;1;94;27;29;14;61;
17;142;78;19;25;80;51;
17;166;45;83;51;124;48;
18;225;207;38;32;131;119;
18;267;206;24;22;145;114;
18;160;180;30;39;95;109;
18;219;158;26;32;122;95;
18;181;130;42;50;111;90;
18;138;120;50;41;94;80;
18;1;104;26;25;13;64;
18;28;95;20;20;24;57;
18;141;81;26;25;83;53;
19;263;205;27;22;145;113;
19;221;201;24;38;122;119;
19;160;179;20;23;90;101;
19;218;159;24;28;121;93;
19;182;146;26;30;104;88;
19;168;59;23;20;95;39;
19;206;48;36;27;121;37;
20;207;201;50;38;128;119;
20;253;200;36;25;144;112;
20;222;150;22;26;122;88;
20;179;142;24;31;101;86;
20;138;121;48;45;93;83;
20;188;102;20;20;104;61;
20;1;92;21;38;11;65;
20;208;68;18;22;113;45;
20;176;47;33;33;104;40;
21;200;201;48;38;124;119;
21;263;197;27;23;145;110;
21;133;191;27;20;80;105;
21;216;156;29;27;122;91;
21;165;120;18;20;91;70;
21;1;107;15;25;8;66;
21;139;106;19;36;79;71;
21;187;101;19;19;103;60;
21;177;54;35;28;106;41;
21;211;46;30;23;120;34;
22;216;197;28;34;122;115;
22;263;194;23;23;143;108;
22;142;178;19;29;80;103;
22;157;171;20;19;88;95;
22;164;115;17;24;90;69;
22;1;108;29;26;15;67;
22;140;84;27;34;83;59;
22;165;44;68;43;116;43;
23;150;227;33;12;91;119;
23;245;192;47;32;146;112;
23;213;191;34;41;123;116;
23;156;167;20;21;88;94;
23;177;141;20;24;98;82;
23;136;123;22;36;79;79;
23;40;93;22;20;31;56;
24;243;214;21;20;132;117;
24;253;190;35;31;144;110;
24;211;189;28;50;119;119;
24;155;165;22;20;88;92;
24;215;143;27;29;121;86;
24;4;103;29;32;16;67;
24;36;89;21;25;28;57;
24;161;44;57;51;109;47;
25;243;189;34;43;138;116;
25;195;187;46;44;120;115;
25;1;100;30;35;15;67;
25;170;52;57;47;113;49;
26;149;222;21;17;85;119;
26;237;209;30;19;133;114;
26;253;184;25;23;139;103;
26;203;181;24;46;113;113;
26;153;161;22;20;87;90;
26;170;130;30;30;100;80;
26;137;123;20;29;78;76;
26;1;99;28;36;14;67;
26;142;88;20;25;81;56;
26;40;80;23;21;31;50;
26;190;44;50;38;120;41;
27;147;213;31;25;89;119;
27;235;208;24;17;129;112;
27;241;181;35;31;138;106;
27;200;181;34;44;117;112;
27;145;159;26;36;85;97;
27;211;146;21;24;116;85;
27;137;118;27;30;82;74;
27;1;115;18;25;9;70;
28;146;210;19;22;82;116;
28;299;201;20;38;159;119;
28;196;191;35;28;115;109;
28;238;182;32;20;135;101;
28;154;157;21;20;87;88;
28;137;116;25;34;81;75;
28;1;110;17;36;9;73;
28;184;96;20;20;102;58;
28;36;83;22;21;29;52;
28;168;51;67;42;117;46;
29;144;202;21;28;82;115;
29;298;201;21;38;159;119;
29;247;179;22;21;134;100;
29;196;173;33;43;114;108;
29;133;154;42;38;87;96;
29;1;105;19;22;10;63;
29;137;102;27;47;82;74;
29;190;62;22;26;106;44;
30;305;198;14;41;159;119;
30;247;175;27;29;137;102;
30;188;170;49;43;118;106;
30;153;151;21;22;87;86;
30;209;142;23;24;116;83;
30;139;114;17;28;78;71;
30;1;105;14;23;7;64;
30;28;82;32;28;30;55;
30;177;54;41;29;109;41;
31;291;190;28;25;159;107;
31;243;173;23;27;133;100;
31;195;172;31;37;113;104;
31;142;170;22;34;82;102;
31;148;147;20;18;84;82;
31;205;144;31;25;118;84;
31;175;128;18;20;96;74;
31;31;83;25;26;28;54;
31;186;53;25;31;105;42;
32;146;200;18;22;82;111;
32;297;193;22;41;159;117;
32;242;172;19;20;130;96;
32;136;167;24;16;80;91;
32;192;161;31;46;111;103;
32;137;112;19;24;78;68;
32;29;86;28;22;28;54;
32;199;57;23;25;111;41;
33;299;212;20;18;159;115;
33;145;198;18;20;81;109;
33;297;188;22;22;159;105;
33;240;170;21;20;130;95;
33;194;146;34;58;114;102;
33;154;144;18;24;86;84;
33;173;121;22;31;97;76;
33;19;82;40;26;29;54;
33;132;77;36;68;84;72;
33;171;49;65;32;118;40;
34;144;196;27;26;85;111;
34;286;188;33;38;159;113;
34;238;168;21;25;129;96;
34;192;163;28;38;110;100;
34;150;144;20;20;85;82;
34;138;107;23;23;80;65;
34;1;106;21;19;11;62;
35;296;207;18;21;157;114;
35;143;193;22;21;82;107;
35;288;186;24;19;156;102;
35;236;167;23;24;129;95;
35;190;159;29;27;109;93;
35;37;89;23;25;30;57;
35;158;47;67;34;112;40;
36;172;226;40;13;106;119;
36;142;191;19;20;80;105;
36;291;174;28;41;159;107;
36;194;157;23;27;108;92;
36;5;101;28;23;16;62;
36;176;54;30;21;103;37;
37;283;180;26;42;154;111;
37;187;163;21;31;104;97;
37;172;115;20;23;96;69;
37;1;100;30;28;15;64;
37;161;58;32;31;96;44;
37;200;49;30;21;115;35;
38;192;217;27;22;109;119;
38;141;185;18;20;79;102;
38;282;178;30;21;156;99;
38;233;161;18;18;125;89;
38;187;142;35;49;111;95;
38;183;85;21;25;102;55;
38;1;85;44;46;22;65;
38;137;80;35;45;86;62;
39;166;212;41;27;103;119;
39;281;177;30;19;155;98;
39;219;159;30;36;124;97;
39;182;135;47;51;114;93;
39;137;103;23;29;80;66;
39;5;93;38;20;21;56;
39;186;52;39;28;112;40;
40;140;179;22;22;81;100;
40;280;175;26;18;153;96;
40;1;87;35;44;18;65;
40;138;85;26;45;82;65;
40;191;42;34;32;112;37;
41;200;224;28;15;114;119;
41;170;222;27;17;98;119;
41;139;179;20;21;79;100;
41;176;139;76;48;126;93;
41;137;101;23;31;80;66;
41;1;91;33;33;17;62;
41;164;44;76;43;120;43;
42;171;203;52;36;111;119;
42;140;178;21;19;80;98;
42;280;172;22;20;151;96;
42;1;95;29;22;15;58;
43;138;173;22;20;80;96;
43;1;99;29;23;15;61;
43;137;87;20;32;78;59;
43;206;49;19;23;112;36;
44;196;212;24;27;110;119;
44;170;201;23;34;96;117;
44;138;173;20;19;79;96;
44;137;102;21;23;79;62;
44;1;93;58;32;29;62;
44;193;47;26;21;109;34;
45;167;207;38;32;102;119;
45;139;171;19;18;79;94;
45;206;165;30;24;118;94;
45;179;146;23;23;101;84;
45;144;130;19;21;81;75;
45;137;102;19;21;78;61;
45;1;101;26;25;13;63;
45;22;85;33;24;27;54;
45;169;84;35;41;102;62;
45;185;61;27;18;106;39;
46;190;217;24;20;107;118;
46;185;117;32;38;108;77;
46;1;102;25;23;13;62;
46;165;92;23;37;94;64;
46;148;78;20;19;84;48;
46;199;46;36;40;117;43;
47;168;199;21;30;94;114;
47;263;162;30;22;146;92;
47;210;143;39;41;124;92;
47;135;132;30;53;82;92;
47;173;125;38;46;105;85;
47;137;95;24;31;80;63;
47;1;94;17;24;9;59;
47;29;91;20;21;24;56;
47;191;53;33;30;112;41;
48;148;215;50;24;99;119;
48;169;194;19;22;94;108;
48;1;95;21;35;11;65;
48;136;77;31;52;83;64;
48;202;49;39;20;120;34;
49;161;213;35;26;98;119;
49;163;193;19;19;91;106;
49;177;120;36;39;106;79;
49;1;92;12;40;6;66;
49;147;69;33;46;90;57;
49;191;49;19;27;105;38;
50;152;209;24;30;88;119;
50;168;188;20;20;94;104;
50;205;46;36;26;120;36;
51;89;215;20;23;54;119;
51;128;186;76;53;102;119;
51;138;97;19;20;78;58;
51;1;95;16;40;8;67;
51;151;77;39;21;95;49;
51;188;49;32;32;110;40;
52;137;158;18;19;77;88;
52;138;81;22;42;80;61;
52;169;46;58;38;113;42;
