2;0;0;0;0;0;0
2;150;100;12;11;81;55
2;144;116;14;10;79;63
2;146;136;17;18;81;77
2;150;160;18;16;84;88
2;155;195;20;16;87;105
2;204;188;24;17;114;102
2;184;156;22;17;103;86
2;175;127;15;15;95;71
2;229;147;61;63;145;105
2;240;137;15;9;127;73
2;290;139;28;44;159;91
2;220;118;13;9;116;63
2;214;100;13;11;113;55
2;230;90;12;11;121;50
2;211;90;10;8;110;49
2;189;92;12;10;100;51
2;173;96;8;9;90;52
2;176;86;10;8;93;47
2;159;84;8;8;83;46
2;163;80;9;6;86;43
2;167;76;5;4;86;40
2;170;70;11;6;90;38
2;187;69;8;10;97;39
2;194;80;7;6;100;43
2;198;70;12;9;105;39
2;210;80;10;7;110;43
2;216;72;11;8;113;40
2;224;79;9;4;116;41
2;233;70;6;7;119;38
3;151;192;27;19;89;105
3;200;186;24;14;112;100
3;182;154;21;14;101;84
3;150;158;18;18;84;88
3;147;136;17;16;82;76
3;171;126;21;16;96;71
3;145;112;14;14;79;63
3;151;100;11;10;81;55
3;173;99;7;7;90;53
3;176;84;9;8;92;46
3;159;83;10;10;84;46
3;165;78;5;6;85;42
3;169;75;4;5;86;40
3;172;70;7;8;89;39
3;187;71;9;6;98;38
3;200;67;11;12;105;39
3;195;79;8;6;101;42
3;190;91;10;9;100;50
3;219;117;14;10;116;63
3;212;100;14;10;113;55
3;210;88;10;8;110;48
3;212;80;8;7;110;43
3;218;70;6;7;112;38
3;227;77;6;7;116;42
3;231;70;8;6;119;38
3;229;89;12;10;120;49
3;237;136;17;9;127;72
3;228;144;58;64;143;104
3;288;134;30;46;159;90
4;151;189;25;18;88;103
4;199;183;24;16;111;99
4;225;143;53;63;139;103
4;236;134;17;7;126;70
4;287;133;31;50;159;91
4;183;150;19;18;101;84
4;149;157;19;15;84;86
4;144;133;18;14;81;73
4;171;123;17;16;94;69
4;146;114;14;11;80;62
4;150;97;10;10;80;53
4;171;95;11;8;91;51
4;177;85;10;7;93;46
4;158;84;9;6;83;45
4;165;78;7;8;86;43
4;173;70;7;6;90;38
4;188;72;8;7;98;39
4;193;80;9;6;101;43
4;189;92;11;6;100;49
4;213;98;13;12;113;55
4;219;115;13;9;116;62
4;230;89;12;9;121;49
4;210;88;13;11;111;49
4;210;80;9;5;109;42
4;224;76;9;8;116;42
4;218;72;6;4;112;38
4;233;70;6;6;119;38
4;199;69;11;9;105;39
5;177;84;11;8;94;46
5;191;90;9;7;100;48
5;209;87;11;9;110;48
5;214;98;11;10;112;54
5;230;88;12;10;121;49
5;220;115;13;9;116;62
5;236;132;16;9;126;70
5;180;148;21;16;100;82
5;198;176;22;15;110;95
5;155;186;19;16;87;101
5;150;154;16;17;83;85
5;145;132;17;16;81;74
5;175;122;14;17;94;69
5;144;112;15;10;79;61
5;150;97;11;10;80;53
5;171;94;10;8;90;51
5;158;83;12;7;85;45
5;165;77;8;7;86;42
5;169;74;8;6;88;40
5;195;78;9;9;102;43
5;187;71;9;8;98;39
5;198;68;13;9;105;38
5;211;80;9;6;110;43
5;217;70;8;7;112;38
5;225;77;9;6;117;41
5;231;71;9;6;120;38
5;224;140;58;66;141;103
5;281;131;37;49;159;90
5;306;182;12;38;159;110
6;160;81;8;9;84;45
6;151;95;11;11;81;53
6;145;111;13;11;79;61
6;146;128;16;22;81;75
6;147;152;21;17;84;84
6;152;179;22;18;87;98
6;194;174;21;19;107;96
6;178;144;24;18;101;81
6;172;119;17;19;94;69
6;171;92;11;13;91;52
6;176;83;10;9;93;46
6;168;74;8;6;88;40
6;172;70;8;6;90;38
6;188;70;7;10;97;40
6;192;78;11;8;101;43
6;189;89;13;11;101;50
6;210;85;10;11;110;48
6;210;98;15;9;112;53
6;219;114;10;8;114;61
6;221;140;51;63;136;101
6;231;130;20;9;125;69
6;279;128;43;51;161;89
6;305;179;13;40;159;109
6;229;88;11;9;120;48
6;226;76;9;8;117;42
6;219;71;6;5;112;38
6;233;70;5;6;119;38
6;201;68;10;11;105;39
7;153;96;8;11;80;53
7;145;110;14;12;79;61
7;145;128;17;12;81;70
7;150;151;17;16;83;83
7;152;178;19;15;85;96
7;194;170;20;16;107;93
7;179;142;21;22;100;82
7;170;116;18;20;94;68
7;172;92;11;10;91;51
7;161;83;8;7;84;45
7;166;74;9;10;87;42
7;177;81;12;11;94;46
7;175;70;7;7;91;38
7;195;76;9;8;102;42
7;189;88;12;9;100;48
7;187;70;10;9;98;39
7;199;68;11;11;105;39
7;213;80;4;6;108;43
7;206;86;15;8;110;47
7;212;96;9;7;110;51
7;216;110;12;11;114;60
7;231;128;17;8;124;68
7;227;85;11;13;119;49
7;225;77;10;5;117;41
7;218;72;9;5;113;38
7;233;69;6;7;119;38
7;222;136;49;57;135;96
7;275;125;45;44;160;84
7;297;173;21;47;159;110
8;149;177;22;20;85;98
8;189;167;24;16;106;91
8;220;134;47;58;133;96
8;230;125;18;9;124;67
8;274;126;47;44;160;85
8;296;173;21;46;158;109
8;177;141;20;15;98;78
8;146;149;19;15;82;82
8;146;127;15;16;80;71
8;171;117;15;16;93;66
8;147;109;11;11;79;60
8;153;97;10;8;81;52
8;172;92;11;8;91;50
8;192;89;8;8;100;48
8;213;97;10;9;111;53
8;218;111;11;9;114;60
8;228;86;11;11;119;48
8;210;87;9;7;109;47
8;213;79;6;7;109;43
8;227;77;8;6;117;41
8;219;71;10;7;114;39
8;234;69;6;7;120;38
8;195;76;8;8;101;42
8;179;82;8;9;93;45
8;156;80;11;9;83;44
8;167;76;7;7;87;41
8;169;72;7;6;88;39
8;177;70;6;6;91;38
8;200;68;11;10;105;39
9;148;169;27;24;87;96
9;190;165;21;14;105;89
9;178;140;22;16;100;78
9;143;145;23;16;83;80
9;143;120;18;22;80;71
9;169;113;16;18;92;65
9;144;107;15;12;79;59
9;150;93;15;11;82;52
9;174;89;10;13;92;51
9;160;80;10;7;85;43
9;165;73;8;10;86;41
9;178;82;9;7;93;44
9;174;69;8;7;91;38
9;190;88;11;8;100;48
9;194;76;11;8;102;42
9;186;70;10;7;98;38
9;200;68;10;9;105;38
9;213;78;7;5;110;41
9;208;85;12;9;110;47
9;210;96;12;7;111;51
9;216;110;12;10;114;60
9;228;127;17;6;122;66
9;224;85;15;14;119;49
9;228;76;6;6;117;41
9;218;70;10;6;114;38
9;233;69;8;6;120;37
9;215;132;49;58;132;95
9;268;127;50;39;159;83
9;285;170;33;50;159;110
10;0;0;0;0;0;0
10;148;171;24;19;86;95
10;170;211;29;10;99;110
10;216;132;49;54;132;93
10;186;161;21;13;103;87
10;286;162;31;54;158;108
10;266;122;50;38;158;80
10;228;124;18;7;123;65
10;215;108;18;11;116;59
10;166;112;21;18;93;65
10;174;134;21;20;97;77
10;146;143;18;16;82;79
10;145;125;17;18;81;71
10;145;106;14;13;79;59
10;152;94;11;11;81;52
10;174;90;6;8;90;49
10;163;80;6;10;84;45
10;167;74;7;7;87;40
10;173;72;7;6;90;39
10;177;80;9;10;93;45
10;192;86;9;10;100;48
10;212;96;11;7;111;51
10;208;84;12;8;110;46
10;229;84;15;12;122;48
10;212;77;8;7;110;42
10;227;74;9;8;118;41
10;218;70;8;5;113;37
10;196;75;10;10;103;42
10;189;70;8;6;98;38
10;201;68;13;9;107;38
11;176;134;19;19;97;76
11;183;159;22;13;102;86
11;150;170;20;14;85;92
11;145;141;19;18;82;79
11;144;122;18;17;81;69
11;170;113;19;15;94;64
11;146;106;13;9;79;57
11;153;91;11;11;82;51
11;174;90;9;8;91;49
11;160;80;11;6;85;43
11;167;73;8;9;87;41
11;176;69;7;6;91;37
11;178;79;12;10;95;44
11;191;87;10;9;100;48
11;196;74;7;8;101;41
11;211;78;9;7;110;42
11;210;83;10;9;110;46
11;210;95;13;8;111;51
11;214;107;16;11;115;59
11;228;85;12;10;120;47
11;228;75;6;7;117;41
11;219;69;8;6;113;37
11;234;70;7;6;120;38
11;229;121;17;9;123;65
11;216;129;46;56;131;92
11;266;121;47;42;156;81
11;286;163;30;51;158;107
12;151;166;17;18;84;92
12;145;139;20;17;82;78
12;143;120;18;17;80;68
12;147;102;11;12;79;57
12;151;91;13;10;82;50
12;163;80;7;6;85;43
12;169;71;7;9;88;40
12;170;112;18;16;94;64
12;174;88;8;10;91;49
12;179;79;10;9;94;44
12;190;86;9;7;99;46
12;195;74;8;9;101;41
12;214;78;6;6;110;42
12;229;75;9;8;119;41
12;207;84;15;10;111;47
12;229;85;11;9;120;47
12;209;92;15;11;112;51
12;216;106;12;14;114;60
12;229;120;14;9;121;64
12;214;128;41;50;127;89
12;265;119;41;40;153;79
12;283;159;37;47;160;103
12;165;206;32;16;98;111
12;184;153;22;16;103;84
12;176;135;17;16;96;75
13;163;203;34;17;98;110
13;149;164;20;14;84;89
13;183;152;18;15;100;83
13;176;132;17;16;96;74
13;145;138;18;14;81;76
13;144;122;20;15;82;68
13;170;110;18;16;94;63
13;142;103;16;11;79;57
13;152;90;11;10;81;50
13;162;78;10;8;86;43
13;168;73;7;9;87;41
13;175;71;8;8;91;39
13;175;87;8;7;91;47
13;178;80;10;10;94;45
13;191;84;13;10;102;47
13;197;74;8;8;102;41
13;211;76;10;6;110;41
13;211;83;8;10;109;46
13;209;94;14;7;111;50
13;214;104;12;10;113;57
13;214;128;39;42;126;85
13;228;118;14;11;121;64
13;262;115;44;39;153;77
13;274;157;41;49;157;103
13;227;85;17;14;122;49
13;227;73;8;9;117;41
13;219;69;7;5;113;37
13;234;69;9;5;121;37
14;0;0;0;0;0;0
14;155;88;11;13;83;50
14;146;102;13;13;79;57
14;144;119;15;16;79;67
14;141;137;23;16;82;76
14;147;163;19;16;83;89
14;162;199;31;20;96;109
14;182;151;22;14;102;82
14;175;128;17;17;96;72
14;170;110;15;13;92;61
14;165;79;6;7;85;43
14;167;73;8;7;87;40
14;172;71;8;5;90;38
14;179;78;10;9;94;43
14;175;85;8;9;91;47
14;193;85;7;9;100;47
14;197;74;10;7;103;40
14;213;75;7;7;110;41
14;209;83;11;7;110;45
14;210;91;11;9;110;50
14;215;106;10;7;112;56
14;209;126;41;53;125;89
14;225;118;16;9;120;63
14;260;117;35;34;147;75
14;272;153;46;44;159;98
14;230;83;11;13;120;48
14;227;74;6;7;116;40
14;220;70;7;3;113;36
14;234;68;7;7;120;37
14;262;211;32;11;147;111
14;190;69;7;6;98;37
15;146;160;21;16;83;88
15;161;194;31;26;96;110
15;259;207;31;14;145;110
15;270;153;43;46;156;99
15;210;125;38;49;124;87
15;259;116;43;37;151;76
15;226;120;13;6;119;63
15;215;105;14;8;114;56
15;177;127;14;15;95;71
15;180;149;22;14;101;81
15;145;136;17;13;81;74
15;144;118;16;14;80;66
15;170;108;15;15;92;61
15;147;100;11;11;79;55
15;153;89;12;8;82;48
15;174;87;12;7;93;47
15;162;79;9;6;85;42
15;181;77;7;9;94;43
15;190;86;9;6;99;46
15;208;92;12;9;110;50
15;210;80;9;10;109;45
15;226;82;14;12;120;47
15;226;72;8;10;117;41
15;195;74;10;8;102;41
15;169;74;9;6;89;40
15;189;69;8;6;98;37
16;158;195;32;24;95;109
16;251;206;36;14;143;110
16;269;150;37;41;153;95
16;260;113;39;36;149;74
16;210;122;39;49;124;85
16;179;145;21;14;100;79
16;149;160;18;11;83;85
16;147;135;14;12;80;73
16;174;126;18;15;96;70
16;143;118;16;13;79;65
16;170;108;14;13;92;60
16;146;102;14;10;80;56
16;213;105;13;9;113;57
16;207;92;16;8;111;50
16;230;86;10;7;120;46
16;211;82;11;8;111;45
16;191;83;9;8;100;45
16;180;79;10;6;95;42
16;177;85;7;6;92;45
16;155;88;7;6;81;47
16;165;78;6;6;85;42
16;172;72;5;8;88;40
16;178;69;6;4;92;36
16;199;75;6;5;102;40
16;191;69;7;5;99;37
16;227;74;9;6;118;40
16;221;70;7;4;114;37
16;235;69;7;4;121;36
17;159;187;31;28;95;107
17;251;203;29;19;140;111
17;265;146;38;44;151;95
17;210;122;37;50;123;86
17;255;112;42;33;148;72
17;180;145;18;12;99;78
17;148;157;19;16;83;86
17;147;132;16;14;81;73
17;173;124;18;15;95;69
17;144;115;15;14;79;64
17;170;105;15;14;92;59
17;148;100;10;10;79;55
17;155;88;10;9;82;48
17;163;77;7;6;85;41
17;170;72;6;7;88;39
17;173;86;11;7;92;46
17;181;78;9;8;95;43
17;191;83;9;8;100;45
17;199;73;6;8;102;40
17;213;75;7;6;110;40
17;210;83;10;7;110;45
17;209;92;11;7;110;49
17;211;105;15;7;113;56
17;228;85;11;8;119;46
17;228;74;7;7;117;40
17;220;69;8;5;114;37
17;234;69;7;5;120;37
18;157;184;30;28;93;106
18;248;197;31;23;139;110
18;260;144;38;46;149;95
18;253;110;39;34;146;72
18;207;118;40;48;123;83
18;179;142;19;12;99;77
18;146;154;20;17;83;85
18;146;132;15;12;80;72
18;147;115;12;12;79;63
18;170;106;14;13;92;59
18;175;122;14;14;94;68
18;148;99;11;10;79;54
18;156;87;9;9;82;48
18;175;86;8;8;91;47
18;181;77;9;8;95;42
18;190;83;9;8;99;45
18;216;101;9;9;112;55
18;211;90;10;9;110;49
18;211;82;10;8;110;45
18;228;82;12;13;120;47
18;227;73;10;7;118;40
18;213;75;7;5;110;40
18;199;73;7;8;103;40
18;174;70;5;6;89;38
18;171;72;8;7;89;39
18;165;76;8;8;86;42
19;243;195;34;26;138;110
19;156;180;30;29;93;104
19;144;151;22;17;83;84
19;147;130;15;14;81;72
19;147;115;13;12;80;63
19;148;98;11;10;79;54
19;156;87;10;8;83;47
19;170;103;14;14;92;58
19;174;121;16;15;95;68
19;176;140;19;11;97;75
19;206;117;36;51;121;84
19;251;108;40;34;145;71
19;257;141;38;43;147;92
19;214;100;11;11;112;55
19;211;90;10;8;110;49
19;228;83;11;9;119;46
19;211;81;10;8;110;44
19;229;73;6;7;117;40
19;197;73;11;8;104;40
19;193;81;7;10;100;45
19;180;75;10;9;95;42
19;178;84;6;9;92;46
19;167;78;6;6;86;42
19;172;70;7;10;89;40
19;219;69;10;4;114;36
19;192;69;8;5;100;37
20;157;177;28;28;92;102
20;242;190;29;27;135;108
20;257;141;33;40;145;90
20;206;118;37;45;121;81
20;252;107;37;33;144;70
20;214;101;13;9;113;55
20;177;138;18;12;97;75
20;145;152;17;12;81;82
20;147;129;13;10;80;69
20;146;112;13;13;79;62
20;171;102;12;14;91;58
20;149;97;11;10;80;53
20;156;86;10;8;83;47
20;168;75;7;7;87;41
20;175;85;10;6;92;45
20;182;74;8;9;95;41
20;193;83;9;7;101;45
20;210;88;11;10;110;49
20;229;84;10;7;119;45
20;212;79;8;8;110;43
20;215;74;9;7;112;40
20;229;70;8;9;118;39
20;197;73;11;7;104;40
21;171;118;20;15;95;66
21;172;134;21;12;96;73
21;147;149;20;15;83;82
21;156;177;30;23;93;100
21;238;188;33;25;135;106
21;255;140;34;40;144;90
21;204;114;36;47;120;80
21;249;105;39;32;144;68
21;214;100;13;9;113;54
21;170;99;13;14;91;56
21;145;111;15;13;80;62
21;146;127;14;11;80;69
21;151;97;10;10;80;53
21;154;87;13;7;83;47
21;176;84;9;7;92;45
21;167;76;6;7;86;41
21;172;72;7;6;89;39
21;176;69;8;6;92;37
21;184;75;6;7;95;41
21;193;83;9;8;101;45
21;198;73;10;7;104;40
21;210;82;9;6;109;44
21;209;90;11;7;110;48
21;215;73;6;8;110;40
21;228;80;9;9;118;44
21;227;70;8;9;117;39
22;155;173;27;26;91;99
22;235;181;31;24;133;102
22;252;138;34;40;143;89
22;304;201;14;19;159;110
22;249;105;38;31;143;68
22;203;113;34;44;118;78
22;173;134;22;14;97;74
22;149;147;13;14;81;80
22;145;126;18;14;81;70
22;145;110;16;14;80;62
22;172;115;18;13;95;64
22;170;100;18;13;94;56
22;150;92;10;13;80;52
22;158;84;11;8;84;46
22;176;82;11;9;93;45
22;163;75;11;6;87;40
22;184;74;7;9;95;41
22;192;80;10;9;101;44
22;198;71;10;7;104;39
22;213;72;10;7;111;39
22;209;80;13;6;111;43
22;209;87;11;7;110;47
22;214;97;9;9;111;53
22;224;80;15;11;119;45
22;227;71;13;9;120;40
22;170;68;14;8;92;38
23;151;173;34;22;92;97
23;141;140;25;23;83;81
23;145;123;14;12;79;67
23;146;112;15;13;80;62
23;153;93;8;11;80;52
23;159;84;11;10;85;47
23;168;70;7;10;87;40
23;176;69;7;7;91;38
23;176;81;10;9;93;45
23;183;75;10;10;96;42
23;190;79;15;9;102;44
23;171;98;14;13;92;55
23;172;116;15;15;93;65
23;176;132;15;13;95;72
23;237;178;21;17;129;97
23;201;111;36;41;118;76
23;247;135;33;31;140;83
23;248;101;32;36;140;68
23;214;97;11;9;112;53
23;207;87;14;10;110;48
23;212;78;9;8;110;43
23;215;72;9;8;112;40
23;225;80;12;10;118;45
23;228;73;8;6;118;39
23;200;71;11;7;105;39
23;299;198;21;26;160;112
24;153;168;31;22;92;95
24;231;177;29;26;130;101
24;214;213;30;10;122;111
24;270;214;29;7;149;110
24;293;194;25;27;159;110
24;247;133;32;39;139;86
24;249;102;30;31;139;66
24;203;112;33;39;118;75
24;212;97;15;11;113;54
24;173;127;17;12;95;69
24;150;144;13;13;81;78
24;145;125;15;9;80;67
24;148;109;11;14;79;61
24;174;113;22;14;98;63
24;168;98;14;12;91;55
24;148;94;11;8;79;51
24;157;84;12;7;84;45
24;181;83;5;8;93;45
24;166;74;8;4;87;39
24;176;69;5;7;90;38
24;182;74;12;8;97;41
24;192;80;8;6;100;43
24;200;70;7;8;103;39
24;212;79;8;5;110;42
24;214;74;9;4;111;39
24;230;72;7;6;118;39
24;229;79;7;9;118;44
24;210;87;10;9;110;48
25;147;166;33;21;90;93
25;226;175;32;20;129;97
25;210;209;31;13;120;111
25;269;209;28;12;148;110
25;289;194;29;18;159;106
25;244;132;35;32;139;82
25;245;101;32;28;138;64
25;202;109;32;40;117;74
25;173;127;18;15;95;71
25;145;143;16;17;80;80
25;144;121;16;14;80;67
25;146;110;16;12;81;61
25;150;93;10;9;80;51
25;169;98;12;12;90;55
25;172;114;15;9;93;61
25;160;82;7;11;83;46
25;177;83;7;6;92;44
25;166;73;10;8;88;40
25;175;71;6;8;90;39
25;186;73;7;7;96;40
25;193;82;8;5;100;43
25;200;71;8;7;104;39
25;214;71;8;7;111;39
25;212;79;9;7;110;43
25;208;86;10;7;109;46
25;212;96;11;9;111;52
25;228;80;11;10;119;45
25;228;70;9;8;118;39
26;151;162;28;23;89;92
26;208;203;31;17;119;110
26;227;171;27;22;127;96
26;264;208;33;13;148;110
26;290;188;29;25;159;106
26;243;128;32;37;137;82
26;243;100;33;25;138;62
26;198;108;34;39;116;73
26;170;123;21;14;95;68
26;144;143;21;11;82;77
26;144;119;16;13;80;66
26;146;105;14;12;80;58
26;172;110;17;15;94;62
26;166;96;16;13;91;54
26;150;90;13;11;81;50
26;160;83;7;7;83;45
26;169;72;5;8;87;40
26;178;83;8;6;93;44
26;182;74;9;6;95;40
26;194;81;9;7;101;44
26;197;70;10;8;103;39
26;213;73;9;6;111;39
26;227;70;11;7;119;38
26;227;81;13;7;120;44
26;212;79;9;6;110;42
26;210;85;12;10;111;47
26;213;99;11;6;112;52
27;151;160;27;23;89;91
27;145;139;15;17;80;78
27;144;117;17;15;80;66
27;145;106;13;10;79;58
27;150;88;10;13;80;50
27;159;81;7;10;83;45
27;168;73;8;6;88;39
27;175;68;7;9;91;38
27;177;81;10;7;93;44
27;184;73;8;7;96;40
27;194;80;12;7;103;43
27;198;70;11;7;104;38
27;170;95;14;13;92;54
27;171;110;14;14;92;62
27;171;124;21;11;96;67
27;207;199;28;18;117;108
27;224;170;25;22;124;96
27;260;205;33;16;146;110
27;284;184;32;27;158;105
27;240;127;30;37;135;82
27;196;107;33;36;114;71
27;241;100;34;32;137;66
27;212;96;12;9;112;52
27;209;85;13;9;111;47
27;214;77;7;8;110;42
27;214;73;9;5;111;39
27;229;80;10;10;119;45
27;230;72;8;7;119;39
28;151;160;23;20;87;90
28;201;193;30;20;115;106
28;223;167;25;22;124;94
28;256;200;34;21;145;110
28;283;181;27;27;155;104
28;240;127;32;33;136;80
28;242;99;30;27;136;63
28;198;107;33;37;115;72
28;173;123;17;11;95;67
28;172;108;14;13;93;60
28;170;95;11;12;90;53
28;152;92;9;9;80;50
28;147;104;16;9;81;56
28;146;111;9;7;77;59
28;145;118;16;13;80;65
28;143;139;19;14;81;76
28;214;98;10;9;112;53
28;208;86;12;9;110;47
28;213;78;8;6;110;42
28;227;78;10;10;118;44
28;230;72;5;6;117;39
28;216;73;7;5;111;39
28;200;70;9;6;104;38
28;195;78;7;6;101;42
28;185;73;8;7;96;40
28;175;70;9;7;92;38
28;169;71;6;7;87;39
28;159;80;10;9;84;44
28;179;81;9;6;94;43
29;151;157;22;20;86;88
29;200;190;30;20;115;105
29;250;200;33;21;141;110
29;277;181;30;21;153;101
29;222;164;24;21;123;92
29;198;107;29;37;113;72
29;239;124;28;34;133;79
29;241;96;28;29;134;62
29;173;122;16;11;94;66
29;143;138;18;11;80;74
29;144;116;16;14;80;65
29;148;105;11;11;79;58
29;173;106;13;13;93;59
29;169;94;13;13;91;53
29;149;89;13;9;81;49
29;158;81;12;8;85;44
29;170;72;10;8;90;40
29;176;67;7;6;91;36
29;177;79;9;8;93;43
29;184;72;12;8;98;40
29;193;80;10;3;101;41
29;201;70;6;8;103;39
29;213;71;7;6;110;38
29;213;78;7;4;110;41
29;207;84;13;9;110;46
29;213;96;9;6;111;51
29;229;77;9;12;119;44
29;229;73;9;5;119;39
30;201;185;25;24;113;104
30;149;157;21;16;85;86
30;145;136;21;16;83;76
30;145;114;12;14;78;64
30;149;105;11;10;80;57
30;153;90;10;9;81;49
30;159;79;9;11;84;45
30;172;120;15;12;93;66
30;171;107;14;14;92;60
30;170;96;14;10;92;53
30;180;77;8;9;94;43
30;169;73;9;9;89;41
30;187;72;9;6;98;39
30;194;80;9;2;101;41
30;202;70;6;8;104;39
30;213;76;9;6;111;41
30;217;70;6;6;111;38
30;207;84;14;7;110;45
30;209;94;15;8;112;51
30;196;104;31;35;113;69
30;238;122;24;33;131;77
30;238;94;33;27;135;60
30;225;79;15;9;120;44
30;229;72;9;6;119;39
30;218;161;26;20;122;90
30;278;174;26;24;152;99
30;247;192;36;22;141;107
31;148;154;25;25;86;89
31;198;180;25;22;111;101
31;217;160;24;20;120;90
31;248;192;33;22;140;107
31;272;171;29;26;150;98
31;232;122;31;37;131;79
31;198;105;27;35;112;70
31;238;93;28;32;133;62
31;207;92;15;8;111;50
31;209;83;11;9;110;46
31;214;75;8;6;111;40
31;226;77;12;8;119;42
31;230;70;9;8;119;39
31;218;71;9;7;113;39
31;200;68;10;9;105;38
31;194;75;10;10;102;42
31;187;71;8;7;97;39
31;176;69;7;7;91;38
31;171;71;7;9;89;40
31;178;79;10;6;94;42
31;161;78;9;9;85;43
31;171;93;12;13;91;53
31;173;106;15;12;94;59
31;175;119;13;13;94;66
31;155;90;7;7;81;48
31;148;99;13;15;80;57
31;144;115;16;11;80;63
31;144;133;17;14;80;73
32;150;151;21;20;85;85
32;195;181;25;16;110;98
32;216;156;21;21;118;88
32;244;184;29;26;136;105
32;269;167;27;25;148;96
32;232;120;31;30;131;75
32;239;95;26;26;132;60
32;194;103;28;27;111;65
32;220;102;9;10;114;56
32;209;92;15;10;112;51
32;208;81;12;9;110;45
32;214;75;11;8;112;41
32;228;77;11;10;119;43
32;231;69;9;8;120;38
32;198;75;6;8;102;41
32;200;70;11;7;105;38
32;185;70;8;10;96;40
32;175;68;8;8;91;38
32;170;71;6;7;88;39
32;178;76;8;8;93;42
32;160;77;10;9;85;43
32;152;88;12;8;82;48
32;169;90;14;13;91;51
32;176;103;10;12;93;57
32;171;115;13;12;92;63
32;149;100;12;16;80;58
32;146;111;14;15;80;63
32;141;134;19;12;80;73
33;195;176;25;19;110;97
33;240;183;28;24;134;103
33;265;164;30;25;147;94
33;211;153;27;22;119;87
33;146;148;26;22;86;85
33;143;131;16;16;79;73
33;145;110;16;13;80;61
33;147;99;14;12;80;55
33;173;115;11;11;92;63
33;176;102;11;15;93;58
33;172;92;11;9;91;50
33;153;86;11;12;82;49
33;161;79;9;7;85;43
33;170;71;9;6;89;38
33;180;77;7;8;93;42
33;186;70;8;9;97;39
33;195;75;8;7;101;41
33;200;68;9;9;104;38
33;215;69;10;8;112;38
33;231;68;9;7;120;37
33;227;74;11;11;119;42
33;212;76;10;7;111;41
33;208;82;14;9;111;45
33;210;90;12;9;111;49
33;193;101;27;35;110;68
33;234;115;26;32;130;73
33;235;93;31;23;133;58
34;145;148;25;22;85;85
34;192;173;24;16;108;94
34;214;153;20;20;117;86
34;238;179;30;23;134;101
34;262;164;29;21;145;92
34;232;118;24;32;128;75
34;238;95;25;25;131;60
34;196;102;26;32;111;67
34;218;100;9;10;113;55
34;212;91;12;11;112;51
34;209;84;14;7;111;45
34;226;76;17;12;121;44
34;214;74;8;8;111;41
34;218;69;10;6;114;37
34;230;67;10;9;120;38
34;201;70;9;6;105;38
34;195;76;11;6;103;41
34;187;69;8;9;97;39
34;180;77;11;7;95;42
34;168;70;12;8;90;39
34;162;77;8;9;85;43
34;153;86;11;8;82;47
34;149;96;12;15;80;55
34;144;110;16;12;80;61
34;142;128;19;15;80;71
34;171;116;15;9;93;62
34;173;101;14;12;93;56
34;173;91;10;10;91;50
35;148;145;21;22;84;83
35;193;170;23;16;108;93
35;211;151;22;22;116;86
35;234;174;25;22;129;98
35;260;161;26;22;143;91
35;299;205;19;15;159;110
35;263;210;27;12;145;111
35;172;211;27;11;99;111
35;145;130;14;11;79;70
35;147;110;13;11;80;60
35;150;98;10;11;80;54
35;172;112;12;12;92;62
35;175;102;10;9;92;55
35;172;91;10;9;91;50
35;157;87;6;6;81;46
35;162;78;13;7;87;42
35;173;71;5;6;89;38
35;181;78;6;5;93;41
35;188;71;9;5;98;38
35;196;76;6;5;101;40
35;203;70;6;4;104;37
35;211;83;9;8;110;45
35;214;75;7;5;110;40
35;215;68;9;7;112;37
35;230;68;13;10;121;39
35;228;76;11;7;119;41
35;215;91;11;9;113;50
35;197;101;24;35;110;68
35;235;118;22;24;128;71
35;236;90;28;27;132;58
36;146;145;27;22;86;83
36;189;165;27;16;108;90
36;167;212;29;10;98;111
36;257;208;31;14;144;111
36;296;198;22;17;159;107
36;234;174;28;20;131;97
36;255;159;29;18;142;88
36;210;150;22;17;116;83
36;193;101;26;31;109;66
36;230;116;24;25;127;70
36;143;126;15;12;79;69
36;148;110;11;9;79;59
36;150;97;12;12;81;54
36;157;87;8;9;82;48
36;174;87;11;12;92;49
36;174;100;11;13;92;56
36;174;113;11;10;92;61
36;163;78;9;8;86;43
36;172;69;9;8;90;38
36;182;76;11;7;96;41
36;187;70;10;7;98;38
36;198;76;7;5;102;40
36;211;82;11;8;111;45
36;212;92;8;7;110;49
36;219;99;9;11;114;55
36;230;76;11;10;120;43
36;216;72;6;8;111;40
36;232;70;9;5;120;37
36;202;70;13;5;107;37
37;144;145;25;19;84;82
37;188;165;23;14;105;89
37;233;170;22;18;127;94
37;250;206;29;14;139;110
37;294;196;24;15;159;105
37;166;205;27;16;96;110
37;255;159;23;19;139;89
37;206;145;30;24;118;84
37;225;117;29;29;127;73
37;194;94;28;35;111;64
37;234;90;21;24;127;57
37;209;91;16;9;112;50
37;208;81;15;10;111;45
37;228;78;14;8;121;43
37;232;70;10;6;121;38
37;215;75;8;5;111;40
37;216;70;7;4;111;37
37;204;68;6;6;105;37
37;198;73;8;7;103;40
37;191;70;6;10;98;40
37;174;70;7;6;90;38
37;181;76;8;8;94;42
37;164;77;9;8;86;42
37;158;83;7;13;82;48
37;150;95;11;13;80;54
37;146;107;12;13;79;60
37;142;128;15;8;78;68
37;170;111;14;8;92;59
37;174;100;12;8;93;54
37;170;88;11;13;90;50
38;144;141;25;19;84;80
38;190;160;16;17;103;88
38;166;201;30;18;98;109
38;231;168;25;23;128;95
38;250;202;29;18;139;110
38;288;192;28;18;158;105
38;252;153;28;22;140;87
38;206;145;23;18;114;81
38;228;113;25;28;126;70
38;191;99;29;34;110;66
38;174;109;10;10;92;59
38;143;124;17;13;80;68
38;148;109;14;9;81;59
38;151;94;10;11;80;52
38;157;85;9;7;83;46
38;163;78;9;5;86;41
38;172;89;12;8;92;48
38;175;99;11;11;93;55
38;183;77;7;6;95;41
38;173;71;6;5;89;38
38;189;70;6;6;97;38
38;197;75;7;5;102;40
38;215;77;9;2;112;39
38;212;81;8;6;110;43
38;211;92;9;6;110;49
38;229;76;10;8;119;42
38;232;68;7;6;119;37
38;203;70;8;4;105;37
39;164;198;29;20;96;109
39;247;196;29;21;138;108
39;283;187;29;17;156;102
39;229;167;25;18;127;92
39;251;151;20;22;135;86
39;207;141;19;19;113;80
39;182;158;24;17;103;87
39;147;141;22;18;84;79
39;144;124;13;11;78;67
39;149;108;10;10;79;59
39;174;109;12;9;93;59
39;193;98;24;30;108;64
39;227;112;23;25;125;68
39;236;90;23;24;129;57
39;211;90;13;7;112;48
39;177;95;9;14;93;54
39;173;86;12;9;92;47
39;152;96;11;10;81;53
39;158;85;7;6;82;45
39;166;76;7;8;86;42
39;174;70;5;6;89;38
39;183;76;9;6;96;41
39;197;74;8;6;102;40
39;212;81;8;6;110;43
39;216;73;6;7;111;40
39;229;74;8;7;118;40
39;204;69;7;6;105;37
40;145;140;23;19;84;79
40;163;189;30;30;96;109
40;185;155;20;18;102;86
40;205;140;22;20;113;80
40;226;161;25;23;125;92
40;247;149;26;20;136;84
40;279;183;30;18;154;100
40;246;193;30;19;138;106
40;226;110;24;26;125;68
40;194;95;23;34;108;64
40;174;107;15;15;94;61
40;142;119;15;14;78;66
40;149;105;13;11;81;58
40;152;95;9;8;80;51
40;175;86;15;10;95;48
40;158;82;6;7;82;44
40;167;77;8;5;87;41
40;186;74;9;7;97;40
40;175;70;6;5;90;37
40;200;73;8;7;104;40
40;216;72;12;6;114;39
40;231;75;6;5;118;40
40;210;79;7;9;108;44
40;212;91;8;4;110;47
40;217;96;6;8;111;52
40;233;90;22;20;127;55
41;162;189;30;23;96;106
41;245;189;26;21;135;105
41;278;178;24;15;151;96
41;222;160;28;20;125;90
41;249;150;19;16;134;83
41;208;140;22;15;115;77
41;181;153;23;16;102;84
41;147;137;24;18;85;77
41;142;118;14;12;78;65
41;147;103;15;10;81;56
41;174;107;11;7;92;57
41;175;94;11;11;93;52
41;152;94;11;7;81;50
41;173;85;9;9;91;47
41;159;81;11;8;85;44
41;165;75;12;7;88;41
41;183;73;7;7;95;40
41;174;71;8;3;91;37
41;196;71;9;9;102;40
41;191;68;7;6;99;37
41;215;72;8;8;111;40
41;228;74;9;9;118;41
41;209;80;12;6;110;43
41;212;87;10;8;111;47
41;193;92;23;32;108;62
41;222;113;27;19;124;66
41;235;87;24;26;129;56
42;158;184;32;24;95;104
42;184;151;19;14;101;82
42;144;135;19;17;81;76
42;142;117;13;12;77;64
42;149;100;10;14;79;57
42;152;94;11;8;81;51
42;159;81;6;7;82;44
42;166;76;7;8;86;42
42;175;70;6;4;90;37
42;184;74;5;8;94;41
42;173;84;11;12;92;48
42;174;93;11;11;92;52
42;171;105;14;11;92;58
42;190;96;20;24;105;60
42;204;138;15;17;109;77
42;221;158;22;16;121;87
42;249;147;18;16;133;81
42;279;180;17;15;148;97
42;238;188;27;15;132;101
42;226;110;17;26;121;68
42;237;89;18;21;127;55
42;211;87;8;7;109;47
42;208;81;9;6;108;43
42;199;75;9;4;104;39
42;215;74;9;6;112;40
42;230;74;12;12;121;43
43;158;183;29;23;93;103
43;240;185;22;17;131;101
43;271;178;24;15;147;96
43;245;145;22;17;133;81
43;223;160;21;15;122;87
43;203;134;17;19;110;76
43;182;149;19;12;100;80
43;144;135;23;20;83;77
43;143;119;15;11;79;65
43;151;102;9;8;80;55
43;173;105;13;8;93;56
43;176;95;6;7;91;51
43;152;90;11;12;81;51
43;160;80;8;9;84;44
43;168;75;5;7;86;41
43;175;85;9;9;92;47
43;176;71;5;5;90;38
43;185;75;10;5;97;40
43;199;72;6;6;102;39
43;215;72;13;8;114;40
43;229;73;6;7;117;40
43;210;79;10;7;110;43
43;210;88;11;6;110;47
43;216;96;5;4;110;50
43;190;91;28;29;109;60
43;222;106;22;29;122;67
43;231;84;23;24;127;54
44;160;177;27;25;93;101
44;236;180;26;19;131;99
44;268;173;27;17;147;95
44;219;157;21;13;120;85
44;243;144;20;16;131;80
44;201;133;20;17;110;75
44;181;145;19;16;100;80
44;144;134;20;14;82;74
44;144;116;12;13;78;64
44;150;101;10;8;80;54
44;154;91;8;8;81;49
44;176;103;6;8;91;55
44;174;91;10;11;92;51
44;174;83;12;11;93;47
44;159;81;12;7;85;44
44;167;75;8;6;87;40
44;183;74;10;6;96;40
44;177;69;9;8;93;38
44;196;89;16;26;106;57
44;221;106;20;19;120;62
44;229;87;17;18;123;52
44;227;75;10;8;118;41
44;215;73;7;5;111;39
44;210;77;7;7;108;42
44;201;73;5;6;103;39
45;159;175;21;22;90;98
45;232;178;26;14;129;96
45;270;169;21;13;145;91
45;219;155;21;16;120;85
45;242;141;18;18;130;79
45;201;134;19;16;110;75
45;178;146;22;15;100;80
45;148;134;17;13;82;73
45;144;117;11;10;77;63
45;149;103;20;10;84;56
45;173;101;8;11;90;56
45;152;93;18;8;85;50
45;175;94;11;6;93;50
45;174;86;8;7;91;46
45;159;80;10;8;84;44
45;168;75;13;7;90;41
45;183;73;10;6;96;39
45;177;70;4;2;90;36
45;200;72;5;5;102;38
45;197;93;17;25;107;59
45;225;106;16;20;120;63
45;233;85;15;20;124;52
45;217;95;10;9;113;52
45;213;87;9;7;111;47
45;212;79;9;6;110;42
45;216;72;7;5;111;38
45;228;73;10;11;119;42
46;160;171;21;21;90;96
46;233;173;24;14;128;93
46;261;167;16;6;138;86
46;220;151;21;19;120;85
46;239;143;23;16;131;79
46;200;133;19;13;109;73
46;180;144;15;11;97;77
46;146;134;19;12;82;73
46;147;118;13;10;80;64
46;192;94;26;24;109;59
46;173;100;16;15;94;57
46;151;99;9;9;80;54
46;153;90;11;9;82;49
46;160;82;10;8;85;45
46;169;74;9;7;89;40
46;173;84;14;11;93;47
46;175;92;11;7;93;49
46;218;101;26;24;122;62
46;234;88;16;21;125;54
46;211;86;14;10;112;48
46;210;80;10;5;110;42
46;228;74;14;9;121;41
46;218;72;7;7;112;39
46;200;72;9;5;104;38
46;188;74;7;9;97;41
47;156;168;30;20;93;94
47;219;210;30;10;124;110
47;229;172;21;15;125;93
47;213;151;25;13;119;82
47;238;139;22;13;130;76
47;259;164;22;11;140;87
47;199;131;19;13;109;72
47;177;140;20;10;98;75
47;146;128;19;16;82;72
47;143;113;17;11;80;62
47;151;98;11;10;81;54
47;173;98;14;16;93;57
47;189;88;24;39;106;63
47;219;101;20;33;119;67
47;232;85;19;21;125;53
47;215;92;8;10;111;51
47;213;87;8;5;110;46
47;212;79;7;7;109;43
47;225;71;14;13;119;42
47;217;71;9;7;113;39
47;202;71;6;10;104;40
47;186;72;6;8;96;40
47;175;83;11;9;93;46
47;176;90;10;7;93;48
47;153;88;11;10;82;49
47;160;81;9;10;84;45
47;169;74;10;10;89;42
47;176;69;7;8;91;38
48;156;164;27;21;91;92
48;226;169;24;21;125;95
48;215;205;35;17;125;111
48;254;159;26;15;140;87
48;238;135;20;18;129;76
48;214;148;19;16;116;82
48;199;130;16;17;107;73
48;179;135;15;16;97;75
48;145;130;16;15;80;72
48;144;111;16;18;80;64
48;151;96;11;11;81;53
48;155;89;9;7;82;48
48;163;80;7;7;85;43
48;168;75;6;5;87;40
48;176;81;11;9;93;45
48;175;89;8;10;91;49
48;174;100;9;9;91;54
48;191;93;18;23;104;58
48;220;104;17;20;118;62
48;230;83;19;21;124;52
48;216;101;6;8;111;54
48;213;90;9;10;111;50
48;213;85;8;6;110;45
48;212;77;8;7;110;42
48;219;72;10;7;114;39
48;230;71;8;9;119;40
48;202;71;8;10;105;40
48;186;71;6;9;96;40
49;159;157;21;29;90;93
49;210;202;36;17;123;109
49;227;167;22;12;124;89
49;258;158;17;11;137;84
49;213;148;23;12;118;80
49;235;136;20;15;127;75
49;196;130;21;11;108;70
49;178;138;9;9;93;73
49;145;128;19;10;82;69
49;150;110;9;13;79;61
49;151;97;13;8;82;52
49;153;88;12;8;82;48
49;171;98;13;7;92;52
49;175;88;10;11;92;49
49;174;82;12;7;93;44
49;162;78;10;7;86;42
49;167;74;13;4;90;39
49;177;67;6;7;91;37
49;184;70;9;7;96;38
49;200;70;8;7;104;38
49;210;77;10;6;110;41
49;216;70;10;7;113;38
49;229;72;8;7;118;39
49;210;83;11;8;110;45
49;191;88;21;29;106;58
49;213;92;8;7;110;49
49;228;80;25;26;126;53
49;216;99;23;19;119;59
50;155;161;22;23;88;92
50;211;198;30;17;120;107
50;222;164;26;18;124;91
50;249;156;28;16;138;86
50;213;144;24;18;118;81
50;233;132;21;17;127;74
50;198;127;16;14;107;70
50;178;135;15;11;96;73
50;146;125;20;17;83;71
50;147;111;19;14;83;62
50;150;94;14;12;82;53
50;155;88;11;10;83;49
50;162;77;8;8;85;42
50;168;72;9;7;88;39
50;174;80;12;10;93;45
50;174;90;11;8;92;49
50;175;97;11;9;93;53
50;191;86;18;31;104;58
50;216;100;18;21;117;60
50;230;83;18;20;124;51
50;212;90;11;7;111;48
50;212;83;8;6;110;44
50;211;77;9;4;110;40
50;217;70;7;7;112;38
50;229;72;10;9;119;40
50;198;69;13;8;105;38
50;186;71;10;9;98;40
50;176;68;8;6;92;37
51;155;157;24;21;89;89
51;207;194;33;22;120;108
51;220;160;20;14;120;87
51;250;153;22;16;136;84
51;211;143;18;13;114;78
51;230;130;20;16;125;73
51;194;124;21;15;107;69
51;174;130;23;16;98;73
51;142;126;18;13;80;69
51;147;111;11;10;79;60
51;153;93;11;11;82;52
51;155;88;13;10;84;49
51;173;97;9;9;91;53
51;176;82;9;12;92;47
51;161;78;10;9;85;43
51;166;70;11;8;88;39
51;177;67;8;7;92;37
51;185;72;14;6;99;39
51;200;71;8;5;104;38
51;213;78;9;7;111;42
51;218;70;8;6;113;38
51;229;70;11;9;120;39
51;228;80;17;19;122;49
51;217;100;23;14;120;57
51;212;84;11;12;111;48
51;190;89;23;31;106;60
