2;251;188;26;38;264;207
2;212;182;19;34;221;199
2;149;157;25;32;161;173
3;249;187;25;32;261;203
3;208;178;27;35;221;195
3;145;154;20;36;155;172
4;241;184;26;36;254;202
4;197;178;27;38;210;197
4;143;149;30;41;158;169
5;177;218;20;21;187;228
5;246;182;17;29;254;196
5;204;172;26;35;217;189
5;132;149;39;39;151;168
5;137;108;22;30;148;123
6;176;220;22;19;187;229
6;243;181;28;28;257;195
6;281;177;21;29;291;191
6;202;171;25;34;214;188
6;142;149;29;38;156;168
6;26;90;36;23;44;101
7;241;179;22;27;252;192
7;280;176;26;29;293;190
7;196;164;30;43;211;185
7;146;146;24;20;158;156
7;22;91;31;20;37;101
8;173;211;22;21;184;221
8;237;177;27;29;250;191
8;278;173;26;31;291;188
8;194;167;30;38;209;186
8;143;146;26;35;156;163
8;17;94;32;17;33;102
9;236;173;20;33;246;189
9;275;171;23;22;286;182
9;191;166;33;36;207;184
9;142;141;24;38;154;160
9;172;138;18;22;181;149
9;13;90;36;22;31;101
9;182;59;22;28;193;73
10;152;229;45;10;174;234
10;170;206;20;19;180;215
10;235;165;36;37;253;183
10;194;151;24;46;206;174
10;142;139;24;39;154;158
10;143;93;16;29;151;107
10;11;91;18;22;20;102
11;153;226;29;13;167;232
11;233;170;22;31;244;185
11;193;163;16;29;201;177
11;141;142;26;35;154;159
11;166;132;26;15;179;139
12;151;222;28;17;165;230
12;231;168;23;30;242;183
12;189;155;27;37;202;173
12;140;137;25;37;152;155
12;5;95;28;21;19;105
13;230;169;20;23;240;180
13;191;153;17;34;199;170
13;170;130;16;21;178;140
13;2;94;26;22;15;105
14;150;217;24;19;162;226
14;228;164;21;27;238;177
14;269;163;17;27;277;176
14;189;156;17;30;197;171
14;142;136;17;31;150;151
14;38;94;20;23;48;105
14;1;94;21;24;11;106
15;274;218;28;15;288;225
15;146;212;23;16;157;220
15;227;164;17;25;235;176
15;189;149;15;30;196;164
15;1;94;22;26;12;107
16;232;218;25;21;244;228
16;276;211;25;21;288;221
16;267;159;16;24;275;171
16;226;158;21;29;236;172
16;186;152;18;29;195;166
16;1;95;24;27;13;108
17;227;213;28;26;241;226
17;273;208;27;23;286;219
17;163;187;17;24;171;199
17;224;157;20;30;234;172
17;186;152;19;25;195;164
17;140;133;22;31;151;148
17;1;94;26;29;14;108
18;226;210;34;29;243;224
18;269;207;24;20;281;217
18;162;182;20;24;172;194
18;222;161;23;26;233;174
18;183;144;23;33;194;160
18;140;121;46;40;163;141
18;1;105;24;22;13;116
18;142;84;19;25;151;96
19;266;206;25;18;278;215
19;216;203;35;36;233;221
19;161;180;18;22;170;191
19;221;159;21;25;231;171
19;185;145;20;28;195;159
20;209;202;45;37;231;220
20;255;201;33;22;271;212
20;182;141;20;29;192;155
20;139;129;22;34;150;146
20;165;122;19;25;174;134
20;1;104;18;24;10;116
21;209;202;42;37;230;220
21;263;199;23;20;274;209
21;220;155;22;24;231;167
22;212;199;30;38;227;218
22;262;196;22;20;273;206
22;1;109;28;23;15;120
22;144;84;19;32;153;100
22;165;62;59;21;194;72
23;258;194;35;33;275;210
23;214;193;31;38;229;212
23;179;138;18;28;188;152
23;139;126;18;31;148;141
24;258;192;30;30;273;207
24;211;190;30;42;226;211
24;5;103;26;31;18;118
24;38;92;18;20;47;102
24;171;46;44;30;193;61
25;246;213;26;17;259;221
25;256;191;19;18;265;200
25;206;189;33;39;222;208
25;3;102;26;31;16;117
25;39;83;24;24;51;95
25;173;60;50;24;198;72
26;238;210;29;16;252;218
26;254;185;21;21;264;195
26;204;183;27;42;217;204
26;179;132;18;25;188;144
26;139;124;15;26;146;137
26;1;103;26;32;14;119
26;38;82;23;19;49;91
26;194;53;19;25;203;65
27;251;183;20;22;261;194
27;200;183;33;39;216;202
27;140;121;19;24;149;133
27;1;107;19;33;10;123
28;303;203;16;36;311;221
28;199;186;31;31;214;201
28;250;182;19;20;259;192
28;140;117;19;29;149;131
28;1;112;16;29;9;126
28;170;53;42;29;191;67
29;146;205;19;23;155;216
29;298;203;21;36;308;221
29;200;174;28;39;214;193
29;139;107;19;37;148;125
29;1;106;17;39;9;125
30;304;198;15;41;311;218
30;247;177;19;20;256;187
30;196;171;30;40;211;191
30;211;142;20;22;221;153
30;139;118;16;25;147;130
30;30;84;30;25;45;96
30;190;60;30;21;205;70
31;295;191;24;22;307;202
31;243;174;20;20;253;184
31;196;171;27;36;209;189
31;206;147;25;21;218;157
31;33;84;25;24;45;96
32;299;193;20;37;309;211
32;193;162;29;42;207;183
32;31;88;25;19;43;97
33;297;190;22;18;308;199
33;192;143;39;58;211;172
33;174;122;18;29;183;136
33;25;84;31;25;40;96
33;137;78;26;65;150;110
33;184;51;38;29;203;65
34;147;199;18;21;156;209
34;287;190;32;37;303;208
34;239;170;18;25;248;182
34;193;165;25;33;205;181
34;139;108;19;23;148;119
35;297;199;22;26;308;212
35;284;188;28;16;298;196
35;237;168;18;19;246;177
35;193;159;25;27;205;172
35;7;100;17;23;15;111
35;36;86;22;27;47;99
35;177;50;36;26;195;63
36;174;227;39;12;193;233
36;285;187;34;27;302;200
36;192;158;23;27;203;171
36;4;102;16;24;12;114
37;285;182;22;37;296;200
37;190;164;16;26;198;177
37;1;102;26;25;14;114
38;192;219;26;18;205;228
38;283;179;26;19;296;188
38;188;157;25;30;200;172
38;139;93;20;39;149;112
39;161;214;41;18;181;223
39;278;178;30;16;293;186
39;185;150;27;33;198;166
39;139;104;19;27;148;117
39;8;89;33;26;24;102
39;195;59;21;19;205;68
40;282;177;22;15;293;184
40;1;96;32;31;17;111
40;140;95;19;36;149;113
41;171;223;26;16;184;231
41;215;155;34;31;232;170
41;179;141;34;43;196;162
41;139;102;18;28;148;116
41;1;96;31;24;16;108
42;171;207;31;32;186;223
43;1;96;27;24;14;108
43;139;93;16;28;147;107
44;195;214;24;25;207;226
44;170;212;20;20;180;222
44;1;95;29;28;15;109
45;168;226;37;13;186;232
45;218;152;19;30;227;167
45;183;142;19;24;192;154
45;2;100;24;25;14;112
45;34;87;18;20;43;97
46;184;206;25;29;196;220
46;1;104;23;21;12;114
47;172;201;20;18;182;210
47;265;164;26;17;278;172
47;210;146;32;36;226;164
47;137;144;24;21;149;154
47;174;124;38;46;193;147
47;1;96;18;29;10;110
48;160;214;39;25;179;226
48;1;100;19;28;10;114
48;140;95;17;32;148;111
49;162;194;34;45;179;216
49;179;136;21;22;189;147
49;1;98;13;32;7;114
50;155;208;24;31;167;223
50;166;189;20;19;176;198
51;154;186;40;53;174;212
52;126;182;68;57;160;210
52;192;48;27;25;205;60
