2;184;157;73;51;128;104;
2;270;137;34;38;152;87;
2;174;114;20;20;97;67;
2;1;109;16;20;8;64;
2;158;61;20;28;89;44;
2;191;51;33;23;112;37;
3;180;150;70;49;125;99;
3;262;134;39;36;150;85;
4;206;209;52;30;129;119;
4;176;147;69;45;122;96;
4;256;131;35;33;145;82;
4;171;109;23;22;97;65;
4;1;108;16;22;8;65;
4;213;106;26;24;119;65;
4;12;92;21;19;16;55;
4;39;87;21;22;30;54;
5;177;218;20;21;98;119;
5;201;215;20;20;110;117;
5;205;202;44;25;124;113;
5;171;144;53;39;112;91;
5;261;138;25;21;143;79;
5;163;122;19;21;91;71;
5;209;100;30;30;119;65;
5;37;89;18;19;27;54;
6;216;139;25;18;120;78;
6;258;123;27;32;142;77;
6;165;102;53;77;109;89;
6;7;94;22;20;14;57;
7;168;193;18;21;93;107;
7;167;134;51;39;109;86;
7;251;119;29;30;140;74;
7;164;103;25;31;94;67;
7;209;95;26;27;117;61;
7;1;91;25;21;13;56;
8;177;190;43;33;110;111;
8;205;178;36;42;120;110;
8;168;126;60;38;114;82;
8;257;115;19;20;138;67;
8;179;44;80;32;129;38;
9;204;186;30;24;117;105;
9;200;168;19;20;109;94;
9;164;137;32;23;98;80;
9;245;111;23;17;134;64;
9;162;94;27;35;94;64;
10;181;158;46;48;113;103;
10;165;116;59;41;112;78;
10;246;110;24;32;135;71;
10;166;99;21;26;93;62;
10;1;97;19;20;10;58;
10;21;81;25;31;23;56;
11;177;158;39;41;108;99;
11;196;122;34;24;115;73;
11;166;118;29;34;97;76;
11;245;108;19;30;132;69;
11;17;92;21;21;19;56;
11;39;76;25;29;32;52;
12;174;158;48;31;111;94;
12;178;116;17;20;97;68;
12;236;106;25;31;130;68;
12;12;85;44;33;28;59;
13;165;125;63;56;114;90;
13;190;118;32;23;111;70;
13;240;102;21;22;130;62;
13;8;86;44;31;26;58;
14;164;117;25;22;94;69;
14;192;115;23;21;107;68;
14;234;98;23;33;128;65;
14;5;97;21;22;13;59;
14;40;86;23;23;31;54;
15;163;106;44;63;103;84;
15;1;100;22;21;11;60;
15;25;83;31;25;28;54;
15;205;82;22;24;113;53;
15;174;42;84;36;129;39;
16;289;196;30;43;159;119;
16;167;142;26;22;96;82;
16;162;111;26;26;94;68;
16;196;108;21;22;108;65;
16;1;94;24;27;12;60;
16;38;89;19;20;28;54;
17;289;214;30;25;159;119;
17;1;96;20;26;10;61;
17;18;89;35;21;26;55;
18;281;203;38;27;159;115;
18;162;98;14;31;88;64;
18;1;86;54;36;27;61;
18;183;47;37;24;110;35;
18;226;44;29;23;127;33;
19;274;184;45;35;159;109;
19;268;174;23;31;145;102;
19;167;122;29;32;98;77;
19;162;104;18;27;90;65;
19;1;80;45;46;23;63;
20;265;184;50;28;157;106;
20;162;92;19;27;90;59;
20;1;85;36;30;18;57;
20;181;39;100;37;140;38;
21;261;174;48;32;154;103;
21;189;96;23;21;106;58;
21;1;94;23;23;12;58;
21;179;42;80;37;129;39;
22;273;208;43;31;158;119;
22;256;172;46;26;151;99;
22;1;86;30;43;15;64;
23;263;199;47;40;155;119;
23;252;164;41;29;146;96;
23;1;87;28;48;14;67;
23;162;86;31;52;96;69;
23;184;43;76;35;130;39;
24;248;170;51;63;149;116;
24;1;91;32;48;16;69;
24;161;84;41;40;101;62;
25;244;183;47;44;145;113;
25;4;81;22;25;13;53;
26;233;177;45;41;139;109;
26;234;151;39;24;136;87;
26;166;97;25;23;95;60;
26;1;96;25;49;13;72;
26;191;41;68;47;129;44;
27;234;177;39;31;136;104;
27;162;106;20;20;91;63;
27;1;85;26;51;13;68;
27;223;79;19;19;121;49;
28;238;172;30;33;134;102;
28;1;91;21;32;11;61;
28;33;79;27;16;30;47;
29;225;157;38;40;131;98;
29;174;61;19;23;96;42;
29;196;37;73;32;134;34;
30;223;125;28;64;125;94;
30;1;99;15;23;8;61;
30;191;38;72;46;131;42;
31;304;206;15;33;159;119;
31;221;159;21;25;121;92;
31;220;120;35;37;127;78;
31;226;37;45;28;135;32;
32;214;138;33;39;123;88;
32;197;45;61;41;129;43;
33;207;143;37;31;122;87;
33;217;112;21;26;119;69;
33;223;67;21;21;122;44;
34;282;175;32;25;157;100;
34;210;146;23;22;116;84;
35;284;167;22;24;153;95;
35;202;134;39;29;120;81;
35;40;82;24;27;32;54;
36;205;126;30;36;117;81;
36;6;101;22;24;14;62;
36;40;80;25;27;32;53;
36;168;61;35;41;101;51;
36;202;41;75;38;138;39;
37;207;119;30;25;118;72;
37;4;103;23;25;13;64;
37;40;82;22;23;31;52;
37;167;77;21;25;94;51;
37;182;41;99;39;140;40;
38;267;151;20;21;143;86;
38;200;116;38;37;119;76;
38;1;106;17;24;9;65;
39;197;129;23;20;110;74;
39;214;109;21;23;117;66;
39;1;107;18;24;9;65;
39;29;78;28;33;28;55;
39;171;49;64;41;117;45;
39;242;44;26;19;134;31;
40;192;114;32;31;112;72;
40;183;61;29;20;106;40;
40;210;43;59;33;134;38;
41;186;111;33;31;109;71;
41;21;92;23;21;22;56;
42;244;150;25;25;134;87;
42;190;110;25;29;107;69;
42;15;83;27;33;21;58;
43;204;204;57;35;130;119;
43;230;131;31;36;130;83;
43;187;103;28;32;107;67;
43;12;91;27;26;19;58;
43;171;42;98;42;134;42;
44;198;197;62;42;130;119;
44;189;101;26;29;107;65;
44;1;89;43;41;22;65;
44;45;76;20;19;32;47;
44;169;64;20;22;94;43;
44;196;41;77;36;136;38;
45;195;188;57;44;126;116;
45;181;97;40;31;110;64;
45;1;83;35;48;18;65;
45;42;76;20;18;31;47;
46;190;181;54;42;122;111;
46;229;122;25;28;127;75;
46;1;88;40;48;20;68;
46;190;58;23;22;106;40;
46;211;44;58;23;134;33;
47;185;179;53;40;119;109;
47;223;127;26;25;124;76;
47;40;94;20;20;30;57;
47;1;92;33;28;17;60;
48;182;180;50;30;116;105;
48;223;114;24;32;123;73;
48;36;95;20;19;28;57;
48;1;90;29;54;15;72;
49;193;177;33;27;113;102;
49;221;111;23;34;122;72;
49;1;94;13;50;7;72;
49;41;91;22;20;31;55;
49;11;85;20;27;15;56;
49;176;40;79;42;127;41;
49;257;33;20;22;138;27;
50;178;154;41;40;109;97;
50;1;88;20;25;10;56;
50;181;86;24;31;102;58;
50;28;79;26;36;27;57;
51;176;161;17;22;96;91;
51;215;113;23;23;119;68;
51;4;87;19;26;11;56;
51;203;45;41;26;122;35;
51;254;37;22;19;138;28;
52;180;148;40;41;110;94;
52;212;99;29;35;120;67;
52;1;92;20;25;10;58;
52;182;85;22;29;102;57;
