2;134;195;54;44;94;119;
2;193;172;35;39;114;105;
2;277;171;24;38;150;104;
2;140;143;21;24;80;83;
2;179;133;23;31;101;82;
2;232;123;23;34;127;78;
2;163;99;24;27;93;63;
2;13;97;24;20;18;58;
2;306;88;13;35;159;61;
2;127;50;30;32;78;41;
3;150;193;36;46;93;119;
3;202;180;25;23;113;101;
3;275;168;20;32;147;100;
3;140;147;15;26;77;86;
3;231;132;20;19;125;75;
3;15;90;18;24;16;57;
3;172;62;24;18;98;40;
3;205;47;27;20;116;33;
4;145;192;43;45;94;118;
4;207;178;19;20;113;99;
4;272;166;25;34;148;100;
4;177;131;22;22;99;76;
4;164;101;19;20;91;60;
4;9;99;22;22;15;60;
5;306;206;13;33;159;119;
5;144;181;72;53;108;117;
5;29;89;23;23;26;56;
5;155;46;70;49;112;47;
5;234;41;33;23;133;32;
6;155;184;24;21;89;102;
6;302;171;17;29;159;100;
6;193;170;30;33;111;101;
6;264;164;22;34;143;99;
6;172;144;20;19;96;81;
6;278;133;25;25;151;79;
6;4;99;23;22;13;60;
6;27;90;21;21;24;55;
6;140;72;40;56;90;64;
6;180;41;72;41;126;41;
7;300;197;19;31;159;114;
7;147;182;30;44;88;113;
7;259;165;27;35;143;100;
7;190;163;25;37;107;100;
7;1;91;28;35;14;63;
7;143;83;24;27;83;55;
7;168;43;67;38;117;40;
8;295;194;24;30;159;112;
8;263;158;26;33;144;95;
8;139;133;27;37;83;85;
8;276;129;23;24;149;76;
8;172;126;23;33;97;79;
8;1;104;16;21;8;62;
8;144;101;26;20;85;60;
8;254;43;21;18;137;30;
9;290;184;29;55;159;119;
9;144;178;28;42;86;110;
9;189;168;24;23;106;95;
9;139;140;26;25;82;82;
9;1;100;34;24;17;62;
9;158;63;27;22;92;42;
9;186;47;38;23;112;35;
10;302;193;17;44;159;118;
10;149;174;27;38;88;106;
10;183;165;32;29;107;97;
10;258;154;25;38;141;96;
10;299;152;20;34;159;93;
10;138;145;31;19;84;82;
10;172;123;22;31;97;77;
10;251;118;21;22;136;70;
11;282;188;37;51;159;119;
11;145;172;22;30;83;101;
11;257;151;26;23;141;87;
11;306;144;13;42;159;93;
11;138;133;28;32;83;82;
11;225;121;19;19;122;70;
11;1;94;33;36;17;65;
11;146;83;22;21;84;52;
11;167;46;69;44;118;45;
12;280;185;39;46;159;115;
12;181;167;27;23;104;95;
12;146;167;30;36;88;101;
12;299;152;20;36;159;94;
12;250;149;28;40;139;94;
12;137;127;30;38;83;82;
12;171;120;22;23;96;71;
12;221;114;23;26;122;70;
12;1;95;31;27;16;61;
12;217;49;37;20;127;34;
12;188;42;23;34;105;38;
13;283;188;36;45;159;116;
13;149;164;25;34;87;99;
13;185;161;27;25;106;93;
13;297;153;22;37;159;95;
13;255;148;22;21;138;84;
13;139;130;28;28;83;79;
13;1;96;31;32;16;64;
13;164;48;76;53;120;50;
14;282;181;22;41;152;111;
14;145;164;34;38;89;101;
14;179;162;31;24;105;93;
14;297;151;22;35;159;93;
14;250;146;25;31;137;88;
14;136;135;18;25;77;80;
14;170;121;19;19;94;70;
14;1;92;29;34;15;63;
14;142;77;34;35;88;56;
14;180;44;47;35;113;39;
14;229;42;30;24;129;33;
15;268;179;51;55;159;117;
15;146;165;31;29;88;97;
15;179;155;26;27;102;91;
15;250;145;24;27;137;86;
15;138;138;25;23;81;80;
15;1;103;24;24;12;63;
15;170;44;66;38;118;41;
15;240;37;32;26;136;31;
16;182;225;28;14;105;119;
16;281;177;31;35;156;106;
16;142;161;30;38;86;99;
16;177;143;30;36;103;89;
16;247;142;26;32;136;87;
16;138;131;27;23;82;77;
16;244;112;19;20;131;66;
16;1;99;21;31;11;65;
16;39;96;20;19;29;57;
16;165;61;44;48;104;54;
17;164;220;41;19;102;119;
17;263;207;28;32;145;119;
17;145;156;24;31;84;93;
17;180;155;26;17;103;86;
17;137;122;15;28;76;75;
17;1;99;15;33;8;66;
17;144;82;37;29;90;55;
17;175;44;84;43;129;43;
18;160;217;44;22;102;119;
18;11;205;19;19;15;112;
18;275;172;27;39;151;105;
18;140;156;33;38;86;97;
18;175;148;29;21;102;84;
18;244;142;27;33;135;87;
18;137;133;26;21;81;77;
18;1;100;13;33;7;66;
18;171;72;19;26;95;49;
18;205;44;40;25;122;34;
19;160;211;41;28;100;119;
19;272;169;23;24;147;96;
19;142;158;27;33;84;95;
19;176;145;25;25;100;85;
19;137;119;24;29;80;74;
19;167;113;21;22;94;67;
19;1;100;12;34;6;67;
19;43;91;21;20;32;55;
19;148;79;26;19;87;49;
19;214;49;40;14;127;31;
20;154;208;45;31;99;119;
20;305;187;14;48;159;117;
20;267;165;35;27;151;96;
20;142;159;24;26;83;92;
20;174;142;26;23;100;82;
20;143;128;19;19;81;73;
20;144;63;49;49;96;56;
20;208;42;27;35;117;38;
21;152;203;41;36;96;119;
21;299;182;20;49;159;115;
21;269;165;24;38;146;101;
21;144;147;20;24;82;85;
21;177;141;23;25;100;83;
21;167;110;20;19;93;64;
21;138;101;21;30;79;65;
21;151;44;95;51;123;47;
22;156;198;34;28;95;113;
22;232;138;25;30;128;84;
22;254;137;59;63;156;100;
22;136;120;65;63;100;91;
22;165;116;18;26;91;71;
22;144;78;23;26;83;52;
22;183;50;45;27;114;38;
23;27;204;24;23;25;113;
23;162;198;32;41;97;119;
23;173;139;19;20;96;79;
23;172;65;22;22;97;43;
24;137;192;60;47;98;119;
24;243;188;18;20;130;104;
24;287;187;32;30;159;108;
24;262;156;26;38;144;97;
24;143;150;25;22;84;86;
24;171;133;21;23;96;78;
24;138;122;20;20;79;71;
24;158;58;39;46;98;52;
24;193;48;46;32;119;40;
25;150;222;25;17;87;119;
25;152;188;37;28;94;108;
25;261;155;24;25;142;90;
25;173;132;20;27;96;79;
25;34;93;20;20;27;56;
26;124;212;52;27;88;119;
26;258;157;26;32;142;94;
26;171;138;20;20;95;79;
26;161;57;37;31;99;44;
27;138;213;37;26;87;119;
27;166;188;22;36;94;112;
27;172;132;22;24;97;78;
27;230;130;21;22;125;76;
27;137;114;31;53;84;83;
28;306;205;13;34;159;119;
28;127;182;57;57;92;119;
28;144;141;19;23;81;82;
28;168;129;23;26;95;77;
28;136;108;25;30;80;69;
28;1;95;29;31;15;63;
28;255;36;31;27;143;31;
29;303;204;16;24;159;114;
29;146;180;21;23;83;101;
29;137;110;28;50;82;80;
29;191;49;21;18;106;33;
30;130;191;60;34;95;112;
30;144;174;23;25;83;99;
30;297;165;22;74;159;119;
30;256;153;25;30;140;91;
30;141;131;25;27;83;79;
30;2;105;21;21;11;63;
30;142;84;23;28;82;56;
30;170;44;84;39;127;41;
31;142;170;31;27;86;98;
31;297;156;22;75;159;115;
31;138;147;19;19;78;83;
31;169;119;24;29;96;74;
31;1;107;18;26;9;66;
31;210;95;20;25;115;60;
31;149;80;32;38;90;59;
31;173;42;83;48;128;45;
32;129;167;47;54;88;110;
32;284;158;35;81;159;119;
32;167;123;23;24;95;73;
32;40;80;25;23;32;51;
32;199;14;21;17;110;15;
33;163;225;30;14;96;119;
33;145;166;29;24;87;95;
33;295;156;24;21;159;88;
33;243;151;26;24;134;87;
33;169;122;20;23;94;72;
33;162;95;21;20;91;57;
33;41;82;22;21;31;51;
33;188;78;18;26;103;52;
33;188;43;80;32;134;37;
34;232;224;30;15;131;119;
34;128;165;38;49;83;107;
34;288;153;31;73;159;113;
34;247;150;23;23;135;86;
34;141;125;25;28;83;76;
34;39;79;26;27;32;53;
34;164;49;73;33;118;41;
35;241;219;44;20;142;119;
35;163;218;39;21;101;119;
35;138;189;29;23;83;106;
35;281;185;38;38;159;111;
35;242;137;19;22;130;79;
35;36;79;25;35;30;57;
35;176;45;56;35;116;40;
35;242;40;43;26;142;33;
36;237;217;27;22;132;119;
36;280;188;25;24;152;106;
36;142;186;22;22;82;104;
36;248;148;19;19;133;83;
36;168;120;20;18;94;69;
36;140;111;22;33;81;72;
36;1;95;23;19;12;57;
36;31;85;24;28;27;56;
36;168;49;70;39;119;44;
37;175;219;26;20;100;119;
37;240;216;23;23;131;119;
37;281;181;21;23;151;102;
37;138;158;30;46;84;102;
37;176;44;79;53;127;48;
38;237;211;35;28;136;119;
38;158;202;43;37;100;119;
38;275;178;24;40;149;109;
38;141;177;25;23;83;100;
38;154;158;20;20;87;89;
38;143;121;19;19;81;70;
38;1;91;18;47;9;69;
38;29;81;22;24;25;52;
38;159;48;56;46;107;47;
39;238;213;26;26;132;119;
39;162;209;41;30;101;119;
39;139;180;22;20;80;100;
39;276;175;23;21;149;98;
39;147;150;21;21;84;85;
39;282;146;18;21;150;83;
39;233;141;22;21;127;81;
39;139;122;23;23;81;72;
39;168;118;19;20;93;69;
39;24;83;29;30;26;56;
40;163;200;31;29;97;114;
40;254;195;25;33;139;114;
40;35;189;21;18;28;103;
40;144;174;20;21;82;97;
40;272;171;24;22;148;96;
40;139;94;34;44;86;69;
40;24;84;22;24;23;54;
41;301;210;18;29;159;119;
41;146;197;49;37;97;117;
41;238;170;54;69;146;119;
41;141;168;26;24;83;96;
41;144;144;21;23;82;83;
41;232;136;20;23;126;79;
41;1;96;12;40;6;68;
41;186;84;21;22;103;53;
41;18;78;24;31;21;54;
41;162;43;77;43;119;43;
42;240;221;25;18;132;119;
42;155;195;39;40;97;117;
42;265;179;22;22;143;100;
42;131;167;31;24;81;95;
42;145;144;19;21;82;82;
42;139;113;20;21;79;67;
42;12;82;40;26;26;54;
42;160;52;49;41;104;46;
43;156;189;35;33;95;111;
43;305;178;14;57;159;117;
43;142;163;20;21;81;92;
43;232;133;22;22;127;77;
43;139;111;26;29;82;70;
44;143;211;29;23;86;117;
44;218;191;58;48;138;119;
44;154;185;34;28;94;106;
44;277;178;42;61;159;119;
44;260;163;24;31;142;97;
44;141;158;27;22;84;90;
44;44;94;19;18;31;56;
44;12;85;25;33;18;59;
44;220;51;18;23;119;37;
44;160;49;58;41;109;45;
44;244;43;27;19;135;31;
45;230;210;38;29;134;119;
45;297;182;22;57;159;119;
45;140;98;22;33;81;65;
45;1;85;31;36;16;60;
45;153;50;76;46;114;48;
46;228;212;23;25;125;118;
46;294;182;25;57;159;119;
46;148;179;39;46;93;112;
46;31;86;31;30;31;58;
46;1;81;29;42;15;61;
46;162;53;53;33;107;43;
46;224;45;35;17;129;31;
47;223;205;43;34;133;119;
47;140;197;20;24;80;110;
47;152;180;30;32;91;106;
47;276;169;43;70;159;119;
47;166;95;18;26;92;60;
47;140;91;24;23;82;57;
47;1;88;28;38;14;63;
47;155;48;87;33;121;40;
48;147;172;36;48;91;110;
48;285;170;34;44;159;107;
48;141;91;21;39;81;65;
48;1;79;42;48;21;63;
48;187;56;19;20;103;38;
49;211;197;33;42;122;119;
49;142;185;36;31;89;108;
49;270;173;49;59;159;116;
49;140;89;29;70;84;79;
49;1;82;33;43;17;62;
49;157;63;40;51;98;57;
49;188;42;48;30;118;36;
50;1;84;39;51;20;67;
51;277;204;26;31;151;117;
51;200;181;49;50;124;115;
51;139;174;40;30;89;102;
51;262;161;27;45;144;103;
51;294;155;25;36;159;95;
51;138;150;21;21;79;85;
51;139;104;25;38;82;71;
51;169;51;62;37;115;44;
