2;257;205;29;24;271;217
3;256;204;29;21;270;214
3;1;100;22;28;12;114
3;36;93;23;16;47;101
3;164;87;17;33;172;103
3;162;51;53;32;188;67
4;251;195;32;29;267;209
4;145;158;24;32;157;174
4;192;146;20;21;202;156
4;1;100;24;30;13;115
5;223;222;34;17;240;230
5;302;200;17;39;310;219
5;246;192;32;29;262;206
5;142;156;26;34;155;173
5;189;145;18;20;198;155
5;1;103;15;28;8;117
6;221;213;38;22;240;224
6;299;196;20;42;309;217
6;243;189;31;26;258;202
6;146;156;21;28;156;170
6;19;94;28;18;33;103
7;299;194;20;39;309;213
7;213;187;59;52;242;213
7;145;157;23;25;156;169
7;187;139;20;21;197;149
7;164;61;27;21;177;71
8;282;190;37;49;300;214
8;212;182;57;54;240;209
8;145;154;21;25;155;166
8;185;136;18;20;194;146
8;176;63;25;17;188;71
9;217;199;21;32;227;215
9;141;196;50;43;166;217
9;234;180;31;30;249;195
9;267;159;52;80;293;199
9;144;147;23;30;155;162
9;170;57;32;30;186;72
9;224;42;39;21;243;52
10;209;221;46;18;232;230
10;153;200;32;39;169;219
10;205;190;32;34;221;207
10;270;181;49;58;294;210
10;234;177;28;25;248;189
10;146;150;19;23;155;161
10;10;100;24;18;22;109
11;215;222;28;17;229;230
11;154;195;32;37;170;213
11;200;179;57;39;228;198
11;266;178;49;56;290;206
11;169;55;23;30;180;70
12;204;210;30;23;219;221
12;153;191;32;37;169;209
12;254;177;47;56;277;205
12;198;177;48;33;222;193
12;1;99;30;20;16;109
12;162;61;43;34;183;78
13;251;174;46;54;274;201
13;198;170;46;56;221;198
13;144;143;18;23;153;154
13;1;100;28;20;15;110
13;179;52;31;25;194;64
14;199;196;43;25;220;208
14;256;171;39;59;275;200
14;143;136;19;26;152;149
14;1;100;30;33;16;116
14;170;59;21;24;180;71
15;197;192;40;23;217;203
15;159;187;21;28;169;201
15;255;168;37;59;273;197
15;146;135;17;22;154;146
15;1;99;23;34;12;116
15;178;54;35;23;195;65
16;196;193;21;20;206;203
16;253;166;39;55;272;193
16;1;106;25;29;13;120
17;195;190;19;20;204;200
17;249;167;43;51;270;192
17;292;149;27;31;305;164
17;1;108;17;33;9;124
17;167;60;22;33;178;76
18;245;162;44;52;267;188
18;143;130;18;25;152;142
18;1;102;27;38;14;121
18;175;56;20;19;185;65
19;243;172;38;38;262;191
19;144;124;17;26;152;137
19;172;55;31;38;187;74
20;240;159;40;47;260;182
20;141;127;20;25;151;139
20;167;62;21;30;177;77
21;287;218;20;21;297;228
21;237;169;31;32;252;185
21;206;153;20;28;216;167
21;6;98;26;21;19;108
21;203;49;22;17;214;57
22;274;212;27;19;287;221
22;1;96;28;39;15;115
22;174;53;36;27;192;66
23;272;209;22;26;283;222
23;232;176;28;18;246;185
23;141;121;18;26;150;134
23;1;96;28;30;15;111
23;178;53;20;26;188;66
24;175;223;31;16;190;231
24;262;205;34;34;279;222
24;1;96;25;27;13;109
24;167;55;28;34;181;72
25;228;225;28;14;242;232
25;299;205;20;27;309;218
25;264;202;27;28;277;216
25;1;97;20;29;11;111
26;169;213;35;26;186;226
26;297;211;22;19;308;220
26;229;197;63;42;260;218
26;224;162;28;22;238;173
26;1;98;17;28;9;112
26;190;49;34;20;207;59
26;226;44;23;18;237;53
27;163;211;41;28;183;225
27;219;192;69;47;253;215
27;295;189;24;36;307;207
27;143;113;16;23;151;124
28;154;216;41;23;174;227
28;290;190;29;38;304;209
28;218;189;66;50;251;214
28;172;53;42;36;193;71
29;159;209;38;30;178;224
29;287;185;32;42;303;206
29;218;185;59;54;247;212
29;218;155;25;24;230;167
29;245;143;18;26;254;156
29;174;55;19;23;183;66
30;212;228;45;11;234;233
30;158;199;37;37;176;217
30;215;182;55;45;242;204
30;282;181;37;51;300;206
31;156;201;38;32;175;217
31;279;180;40;29;299;194
31;216;148;19;23;225;159
31;187;45;37;23;205;56
32;155;197;36;29;173;211
32;203;178;59;56;232;206
32;276;176;37;40;294;196
32;215;146;20;23;225;157
33;155;192;33;28;171;206
33;197;177;67;51;230;202
33;271;173;48;38;295;192
34;268;173;43;21;289;183
34;205;172;53;50;231;197
34;142;128;16;31;150;143
34;223;46;32;14;239;53
34;192;45;25;21;204;55
35;155;186;32;25;171;198
35;202;173;51;45;227;195
35;266;169;38;21;285;179
35;208;142;19;22;217;153
36;152;181;33;25;168;193
36;262;165;42;24;283;177
36;199;164;51;47;224;187
36;172;59;20;22;182;70
37;152;181;30;21;167;191
37;262;162;35;22;279;173
37;196;162;52;47;222;185
37;193;44;63;22;224;55
38;149;177;34;25;166;189
38;267;160;25;19;279;169
38;193;159;51;45;218;181
38;170;64;22;20;181;74
38;194;41;67;24;227;53
39;150;173;28;21;164;183
39;264;156;25;22;276;167
39;190;156;51;43;215;177
40;162;224;31;15;177;231
40;148;170;23;23;159;181
40;192;155;31;39;207;174
40;140;117;19;29;149;131
41;157;218;44;21;179;228
41;297;193;22;36;308;211
41;148;167;26;21;161;177
41;188;151;32;40;204;171
41;189;48;41;20;209;58
42;158;215;38;24;177;227
42;265;195;54;44;292;217
42;144;163;29;24;158;175
42;248;151;23;17;259;159
42;189;148;28;39;203;167
42;211;44;47;19;234;53
43;161;211;38;28;180;225
43;233;191;86;48;276;215
43;148;161;17;22;156;172
43;189;147;26;28;202;161
43;174;59;21;21;184;69
43;199;32;40;34;219;49
44;231;220;24;19;243;229
44;156;206;40;31;176;221
44;275;190;44;48;297;214
44;186;144;26;35;199;161
45;152;202;43;37;173;220
45;266;199;53;40;292;219
45;215;186;92;53;261;212
45;186;143;25;26;198;156
46;209;208;46;31;232;223
46;153;199;43;40;174;219
46;259;181;60;58;289;210
46;145;154;22;23;156;165
47;209;216;48;23;233;227
47;258;195;32;36;274;213
47;150;194;38;41;169;214
47;282;178;37;44;300;200
47;145;152;19;23;154;163
47;183;138;22;23;194;149
47;181;57;22;20;192;67
47;201;46;29;24;215;58
48;209;199;75;40;246;219
48;154;190;34;39;171;209
48;281;176;31;41;296;196
48;36;85;22;22;47;96
48;189;49;21;17;199;57
49;248;201;34;26;265;214
49;204;189;43;50;225;214
49;286;187;22;27;297;200
49;153;187;33;39;169;206
49;277;170;22;20;288;180
49;7;105;18;21;16;115
50;245;202;30;20;260;212
50;197;190;47;39;220;209
50;283;185;24;25;295;197
50;148;181;35;42;165;202
50;4;106;18;20;13;116
50;202;32;44;33;224;48
51;197;183;43;44;218;205
51;150;181;29;38;164;200
51;266;165;36;40;284;185
51;142;129;14;33;149;145
51;1;107;18;21;10;117
51;179;60;23;19;190;69
52;242;188;28;22;256;199
52;200;180;37;44;218;202
52;147;178;31;36;162;196
52;262;164;23;25;273;176
