0;193;116;30;30;208;131;
0;248;119;44;44;270;141;
0;139;128;37;37;157;146;
0;232;173;39;39;251;192;
0;181;160;55;55;208;187;
0;257;147;57;57;285;175;
1;149;75;21;21;159;85;
1;138;128;35;35;155;145;
1;67;69;43;43;88;90;
1;249;118;44;44;271;140;
1;226;169;43;43;247;190;
1;181;158;57;57;209;186;
1;256;144;57;57;284;172;
2;188;68;21;21;198;78;
2;187;89;21;21;197;99;
2;248;118;42;42;269;139;
2;180;155;55;55;207;182;
3;188;68;21;21;198;78;
3;187;89;21;21;197;99;
3;248;118;42;42;269;139;
3;185;158;48;48;209;182;
4;140;123;34;34;157;140;
4;248;117;40;40;268;137;
4;180;155;54;54;207;182;
5;163;62;21;21;173;72;
5;184;110;36;36;202;128;
5;137;120;34;34;154;137;
5;159;105;37;37;177;123;
5;247;115;41;41;267;135;
5;219;158;42;42;240;179;
5;249;141;52;52;275;167;
5;178;153;49;49;202;177;
5;138;171;63;63;169;202;
6;247;116;37;37;265;134;
6;159;103;37;37;177;121;
6;180;150;47;47;203;173;
6;200;118;47;47;223;141;
6;244;131;57;57;272;159;
7;158;102;37;37;176;120;
7;244;113;40;40;264;133;
7;144;175;43;43;165;196;
7;176;147;50;50;201;172;
7;240;128;57;57;268;156;
8;195;116;20;20;205;126;
8;245;114;35;35;262;131;
8;177;146;46;46;200;169;
8;208;149;47;47;231;172;
9;242;111;39;39;261;130;
9;211;145;45;45;233;167;
9;174;144;49;49;198;168;
9;229;124;63;63;260;155;
10;244;111;36;36;262;129;
10;158;99;35;35;175;116;
10;194;117;43;43;215;138;
10;176;144;42;42;197;165;
10;235;125;56;56;263;153;
11;72;65;22;22;83;76;
11;241;110;38;38;260;129;
11;157;96;37;37;175;114;
11;174;142;44;44;196;164;
11;239;131;45;45;261;153;
11;202;144;47;47;225;167;
11;136;153;47;47;159;176;
12;219;77;21;21;229;87;
12;189;103;30;30;204;118;
12;240;110;37;37;258;128;
12;174;140;42;42;195;161;
12;237;130;46;46;260;153;
13;240;109;34;34;257;126;
13;171;138;43;43;192;159;
13;231;124;49;49;255;148;
14;238;108;36;36;256;126;
14;173;137;40;40;193;157;
14;193;114;39;39;212;133;
14;234;125;43;43;255;146;
14;184;170;54;54;211;197;
15;137;105;24;24;149;117;
15;241;112;29;29;255;126;
15;169;135;42;42;190;156;
15;155;91;39;39;174;110;
15;234;124;42;42;255;145;
15;176;158;63;63;207;189;
16;239;109;30;30;254;124;
16;232;122;43;43;253;143;
16;169;134;42;42;190;155;
17;238;107;30;30;253;122;
17;230;121;43;43;251;142;
17;190;110;41;41;210;130;
17;168;130;41;41;188;150;
17;184;163;50;50;209;188;
18;228;120;37;37;246;138;
18;198;76;41;41;218;96;
18;168;127;39;39;187;146;
18;175;152;56;56;203;180;
19;228;120;37;37;246;138;
19;199;80;35;35;216;97;
19;168;127;39;39;187;146;
19;245;141;66;66;278;174;
20;167;126;40;40;187;146;
20;180;158;45;45;202;180;
20;239;137;70;70;274;172;
21;289;195;20;20;299;205;
21;226;119;37;37;244;137;
21;186;104;39;39;205;123;
21;166;122;39;39;185;141;
21;128;126;43;43;149;147;
21;242;134;63;63;273;165;
22;171;146;54;54;198;173;
22;232;124;76;76;270;162;
23;224;115;36;36;242;133;
24;139;88;30;30;154;103;
24;221;113;39;39;240;132;
24;175;145;46;46;198;168;
24;236;133;60;60;266;163;
25;207;85;22;22;218;96;
25;143;92;21;21;153;102;
25;223;114;36;36;241;132;
25;203;197;37;37;221;215;
25;160;117;41;41;180;137;
25;234;130;60;60;264;160;
26;205;68;20;20;215;78;
26;236;103;21;21;246;113;
26;219;112;37;37;237;130;
26;228;124;63;63;259;155;
27;191;121;36;36;209;139;
27;216;108;40;40;236;128;
28;144;88;22;22;155;99;
28;217;109;38;38;236;128;
28;168;134;47;47;191;157;
28;229;121;57;57;257;149;
29;145;88;20;20;155;98;
29;234;101;21;21;244;111;
29;169;136;43;43;190;157;
29;192;180;43;43;213;201;
29;222;115;66;66;255;148;
30;145;86;22;22;156;97;
30;220;117;63;63;251;148;
31;173;68;20;20;183;78;
31;145;85;21;21;155;95;
31;213;103;39;39;232;122;
31;228;126;50;50;253;151;
32;172;68;21;21;182;78;
33;146;81;22;22;157;92;
34;146;81;22;22;157;92;
35;168;133;35;35;185;150;
36;167;83;21;21;177;93;
37;193;116;22;22;204;127;
37;215;115;52;52;241;141;
38;154;97;41;41;174;117;
39;285;184;32;32;301;200;
39;218;114;44;44;240;136;
40;191;113;21;21;201;123;
40;163;124;35;35;180;141;
40;218;112;43;43;239;133;
41;165;73;28;28;179;87;
41;279;179;30;30;294;194;
41;175;147;37;37;193;165;
41;233;145;47;47;256;168;
42;207;76;20;20;217;86;
42;139;95;23;23;150;106;
42;273;172;35;35;290;189;
42;213;104;43;43;234;125;
43;169;78;21;21;179;88;
43;191;111;21;21;201;121;
43;270;169;36;36;288;187;
43;162;119;35;35;179;136;
43;172;141;39;39;191;160;
43;213;101;45;45;235;123;
44;154;73;21;21;164;83;
44;134;84;34;34;151;101;
44;161;203;34;34;178;220;
44;161;115;37;37;179;133;
44;170;136;41;41;190;156;
44;211;100;47;47;234;123;
45;188;69;21;21;198;79;
45;169;75;21;21;179;85;
45;266;163;34;34;283;180;
45;165;133;44;44;187;155;
45;209;103;45;45;231;125;
46;189;106;22;22;200;117;
46;261;159;36;36;279;177;
46;167;133;38;38;186;152;
47;171;73;21;21;181;83;
47;190;106;20;20;200;116;
47;169;132;35;35;186;149;
48;171;73;21;21;181;83;
48;190;105;20;20;200;115;
48;163;127;41;41;183;147;
48;199;188;43;43;220;209;
49;172;72;20;20;182;82;
49;145;86;21;21;155;96;
49;201;187;37;37;219;205;
49;175;76;41;41;195;96;
