0;203;70;20;20;213;80;
0;150;73;22;22;161;84;
0;187;77;23;23;198;88;
0;165;83;23;23;176;94;
0;133;101;34;34;150;118;
0;221;117;35;35;238;134;
0;265;125;44;44;287;147;
0;191;119;43;43;212;140;
1;204;70;20;20;214;80;
1;149;73;22;22;160;84;
1;193;112;22;22;204;123;
1;172;141;41;41;192;161;
1;183;178;52;52;209;204;
2;204;70;20;20;214;80;
2;193;111;23;23;204;122;
2;172;69;22;22;183;80;
2;146;68;30;30;161;83;
2;231;135;42;42;252;156;
2;170;140;39;39;189;159;
3;152;74;22;22;163;85;
3;189;77;21;21;199;87;
3;171;70;22;22;182;81;
3;131;96;38;38;150;115;
3;231;134;41;41;251;154;
3;167;137;40;40;187;157;
4;152;74;22;22;163;85;
4;189;77;21;21;199;87;
4;191;109;22;22;202;120;
4;171;70;22;22;182;81;
4;131;96;38;38;150;115;
4;168;137;38;38;187;156;
4;228;132;41;41;248;152;
5;166;80;22;22;177;91;
5;190;106;23;23;201;117;
5;152;70;24;24;164;82;
5;132;96;35;35;149;113;
5;228;130;41;41;248;150;
5;180;130;96;96;228;178;
6;186;90;21;21;196;100;
6;167;80;22;22;178;91;
6;147;67;29;29;161;81;
6;131;95;37;37;149;113;
6;226;129;43;43;247;150;
7;191;106;21;21;201;116;
7;167;133;37;37;185;151;
7;130;91;39;39;149;110;
8;166;78;23;23;177;89;
8;150;68;26;26;163;81;
8;130;92;37;37;148;110;
8;223;126;42;42;244;147;
8;206;144;54;54;233;171;
9;170;78;21;21;180;88;
9;185;86;22;22;196;97;
9;161;172;32;32;177;188;
9;131;92;35;35;148;109;
9;206;143;50;50;231;168;
10;151;67;24;24;163;79;
10;174;67;21;21;184;77;
10;167;76;23;23;178;87;
10;225;87;20;20;235;97;
10;160;166;34;34;177;183;
10;223;124;38;38;242;143;
10;204;142;50;50;229;167;
10;160;138;60;60;190;168;
11;205;65;21;21;215;75;
11;155;69;21;21;165;79;
11;167;75;23;23;178;86;
11;185;66;27;27;198;79;
11;186;107;36;36;204;125;
11;159;163;34;34;176;180;
11;218;119;41;41;238;139;
11;245;106;48;48;269;130;
12;154;68;21;21;164;78;
12;168;76;21;21;178;86;
12;223;122;34;34;240;139;
12;157;160;32;32;173;176;
12;209;142;39;39;228;161;
12;251;160;54;54;278;187;
13;153;65;25;25;165;77;
13;171;164;20;20;181;174;
13;169;75;22;22;180;86;
13;242;109;43;43;263;130;
13;200;139;46;46;223;162;
13;251;163;47;47;274;186;
14;157;67;21;21;167;77;
14;170;74;21;21;180;84;
14;187;84;20;20;197;94;
14;207;97;37;37;225;115;
14;245;109;40;40;265;129;
14;245;156;54;54;272;183;
14;227;103;57;57;255;131;
14;173;116;80;80;213;156;
15;156;65;23;23;167;76;
15;170;75;21;21;180;85;
15;177;180;21;21;187;190;
15;154;155;23;23;165;166;
15;185;103;30;30;200;118;
15;219;117;32;32;235;133;
15;275;147;36;36;293;165;
15;205;96;37;37;223;114;
15;241;107;42;42;262;128;
16;186;55;23;23;197;66;
16;157;65;23;23;168;76;
16;161;175;20;20;171;185;
16;169;74;22;22;180;85;
16;139;87;29;29;153;101;
16;182;101;36;36;200;119;
16;240;107;41;41;260;127;
16;194;128;50;50;219;153;
17;171;73;21;21;181;83;
17;155;64;24;24;167;76;
17;240;105;42;42;261;126;
17;199;130;42;42;220;151;
18;294;63;21;21;304;73;
18;171;73;21;21;181;83;
18;187;81;20;20;197;91;
18;210;167;23;23;221;178;
18;239;105;40;40;259;125;
18;196;129;42;42;217;150;
18;240;149;47;47;263;172;
19;171;72;21;21;181;82;
19;153;146;22;22;164;157;
19;217;113;29;29;231;127;
19;217;43;36;36;235;61;
19;199;131;37;37;217;149;
19;238;104;41;41;258;124;
19;262;136;39;39;281;155;
20;171;71;21;21;181;81;
20;167;114;23;23;178;125;
20;141;85;26;26;154;98;
20;202;91;36;36;220;109;
20;234;103;42;42;255;124;
20;241;148;39;39;260;167;
21;173;71;20;20;183;81;
21;185;78;21;21;195;88;
21;154;140;22;22;165;151;
21;215;111;28;28;229;125;
21;234;142;49;49;258;166;
22;209;62;20;20;219;72;
22;185;78;21;21;195;88;
22;153;139;20;20;163;149;
22;162;63;22;22;173;74;
22;217;112;25;25;229;124;
22;234;101;40;40;254;121;
22;186;119;47;47;209;142;
23;185;76;21;21;195;86;
23;259;131;37;37;277;149;
23;234;100;41;41;254;120;
23;188;118;45;45;210;140;
24;162;62;22;22;173;73;
24;173;69;21;21;183;79;
24;186;76;21;21;196;86;
24;214;108;26;26;227;121;
24;233;100;39;39;252;119;
24;191;119;39;39;210;138;
25;174;68;21;21;184;78;
25;166;86;22;22;177;97;
25;214;107;25;25;226;119;
25;232;99;39;39;251;118;
25;192;117;41;41;212;137;
26;186;73;21;21;196;83;
26;212;106;25;25;224;118;
26;196;143;23;23;207;154;
26;162;78;34;34;179;95;
26;193;120;34;34;210;137;
26;249;125;38;38;268;144;
26;271;152;47;47;294;175;
27;147;81;21;21;157;91;
27;212;104;27;27;225;117;
27;227;99;37;37;245;117;
27;247;123;38;38;266;142;
27;184;111;45;45;206;133;
28;165;60;21;21;175;70;
28;176;67;21;21;186;77;
28;213;106;23;23;224;117;
28;145;80;23;23;156;91;
28;194;116;32;32;210;132;
29;212;103;24;24;224;115;
29;189;113;36;36;207;131;
30;167;59;21;21;177;69;
30;210;60;20;20;220;70;
30;211;102;24;24;223;114;
30;233;100;29;29;247;114;
30;186;110;38;38;205;129;
30;250;140;55;55;277;167;
31;170;59;20;20;180;69;
31;177;66;20;20;187;76;
31;186;91;22;22;197;102;
31;211;101;23;23;222;112;
31;258;143;45;45;280;165;
32;211;101;22;22;222;112;
32;244;134;57;57;272;162;
32;170;108;106;106;223;161;
33;170;59;20;20;180;69;
33;210;100;23;23;221;111;
33;193;112;26;26;206;125;
33;218;124;37;37;236;142;
33;253;139;45;45;275;161;
34;210;100;22;22;221;111;
34;165;80;24;24;177;92;
34;184;107;37;37;202;125;
34;245;134;50;50;270;159;
35;275;56;20;20;285;66;
35;209;97;23;23;220;108;
35;165;76;25;25;177;88;
35;194;111;25;25;206;123;
35;224;45;30;30;239;60;
35;243;133;50;50;268;158;
36;211;57;21;21;221;67;
36;210;97;23;23;221;108;
36;193;107;27;27;206;120;
36;165;77;26;26;178;90;
36;238;130;52;52;264;156;
37;164;94;21;21;174;104;
37;209;96;22;22;220;107;
37;166;111;20;20;176;121;
37;191;107;26;26;204;120;
37;236;128;52;52;262;154;
38;152;74;21;21;162;84;
38;167;76;23;23;178;87;
38;208;96;21;21;218;106;
38;240;101;47;47;263;124;
38;197;126;52;52;223;152;
38;234;128;51;51;259;153;
39;152;73;21;21;162;83;
39;208;95;21;21;218;105;
39;185;101;32;32;201;117;
39;86;126;39;39;105;145;
39;232;124;52;52;258;150;
40;163;89;24;24;175;101;
40;206;92;24;24;218;104;
40;232;95;21;21;242;105;
40;169;75;22;22;180;86;
40;190;103;26;26;203;116;
40;241;110;29;29;255;124;
40;218;115;30;30;233;130;
40;222;43;32;32;238;59;
40;199;128;43;43;220;149;
40;231;124;50;50;256;149;
41;170;74;21;21;180;84;
41;206;92;22;22;217;103;
41;165;104;21;21;175;114;
41;190;101;28;28;204;115;
41;86;123;43;43;107;144;
41;231;124;46;46;254;147;
42;169;73;23;23;180;84;
42;207;93;21;21;217;103;
42;164;102;21;21;174;112;
42;159;83;30;30;174;98;
42;198;124;40;40;218;144;
42;86;123;43;43;107;144;
42;230;123;48;48;254;147;
43;160;97;28;28;174;111;
43;187;98;29;29;201;112;
43;229;120;45;45;251;142;
44;215;55;21;21;225;65;
44;172;72;21;21;182;82;
44;189;99;24;24;201;111;
44;205;89;23;23;216;100;
44;227;44;29;29;241;58;
44;235;104;31;31;250;119;
44;196;120;43;43;217;141;
44;84;123;43;43;105;144;
44;225;119;47;47;248;142;
45;172;73;20;20;182;83;
45;235;104;29;29;249;118;
45;227;44;29;29;241;58;
45;136;136;32;32;152;152;
45;230;120;41;41;250;140;
45;192;118;42;42;213;139;
46;234;102;31;31;249;117;
46;161;94;28;28;175;108;
46;194;119;37;37;212;137;
46;227;117;43;43;248;138;
46;136;136;32;32;152;152;
46;221;41;37;37;239;59;
47;173;70;21;21;183;80;
47;190;99;21;21;200;109;
47;229;45;26;26;242;58;
47;234;103;28;28;248;117;
47;160;93;28;28;174;107;
47;195;117;34;34;212;134;
47;225;116;41;41;245;136;
48;173;71;21;21;183;81;
48;160;91;28;28;174;105;
48;232;99;32;32;248;115;
48;224;115;41;41;244;135;
48;133;150;66;66;166;183;
49;231;101;30;30;246;116;
49;224;115;38;38;243;134;
49;136;133;32;32;152;149;
50;173;70;21;21;183;80;
50;205;85;21;21;215;95;
50;162;92;23;23;173;103;
50;231;100;29;29;245;114;
50;136;133;32;32;152;149;
50;220;111;44;44;242;133;
50;133;148;60;60;163;178;
51;206;85;21;21;216;95;
51;231;100;27;27;244;113;
51;226;42;32;32;242;58;
51;221;108;47;47;244;131;
