2;148;70;29;32;88;51;
2;63;65;43;55;53;60;
2;63;34;25;22;44;28;
3;140;66;37;31;88;48;
4;52;90;38;35;45;62;
4;134;57;34;31;84;44;
4;71;56;30;33;50;44;
5;51;63;47;55;49;59;
5;138;60;28;27;83;43;
6;133;58;31;23;82;40;
6;49;58;50;50;49;54;
7;148;127;47;26;97;76;
7;47;72;34;33;40;52;
7;136;55;23;18;79;36;
7;73;47;27;20;50;33;
8;19;138;58;15;38;76;
8;158;120;37;33;97;76;
8;124;52;34;30;79;41;
8;45;46;46;52;45;49;
9;15;125;75;28;45;76;
9;147;113;48;40;97;76;
9;123;53;34;23;78;38;
9;66;42;26;39;46;40;
10;9;122;70;31;39;76;
10;147;109;48;44;97;76;
10;122;47;31;29;76;38;
10;40;43;49;46;44;44;
11;22;107;42;46;32;76;
11;140;103;44;36;92;69;
11;56;50;33;23;44;36;
11;120;45;30;29;75;37;
12;8;107;55;46;31;76;
12;135;98;46;34;90;66;
12;113;42;32;29;72;35;
12;41;38;46;47;43;42;
13;18;101;46;41;32;71;
13;129;89;40;38;84;63;
13;120;42;25;22;72;32;
13;65;35;24;28;44;31;
14;12;95;48;38;30;66;
14;124;77;38;44;81;60;
14;43;49;28;29;35;39;
14;112;37;28;26;70;31;
14;61;34;24;27;42;30;
15;15;89;42;36;28;62;
15;120;81;34;34;77;57;
16;98;136;26;17;62;76;
16;150;132;45;21;97;76;
16;115;78;34;32;74;55;
16;15;78;37;46;26;62;
16;37;43;24;28;30;35;
16;114;34;22;18;68;26;
16;60;26;23;40;41;33;
17;94;132;29;21;61;76;
17;154;122;41;31;97;76;
17;10;81;43;32;26;56;
17;114;79;31;23;72;51;
17;43;30;35;36;39;33;
18;70;121;52;32;61;76;
18;148;112;47;41;97;76;
18;15;88;37;20;26;54;
18;109;73;31;27;70;50;
18;44;9;42;55;43;32;
19;66;110;50;43;58;76;
19;147;107;48;46;97;76;
19;16;72;32;28;24;50;
19;109;70;30;24;69;47;
19;42;26;42;36;42;31;
20;141;110;54;32;97;71;
20;62;106;57;47;59;76;
20;15;67;38;31;26;49;
20;108;62;26;18;67;40;
20;109;28;21;21;65;24;
20;46;18;34;38;40;28;
21;139;105;47;33;93;69;
21;59;101;46;39;52;70;
21;21;63;25;21;23;42;
21;104;60;27;30;65;45;
21;106;24;23;23;64;23;
21;44;22;37;23;40;22;
22;56;92;42;41;49;66;
22;132;86;44;42;88;64;
22;99;57;30;37;64;47;
22;16;54;32;37;24;45;
22;62;10;16;32;39;21;
23;54;87;40;38;47;62;
23;124;82;41;39;82;60;
23;98;54;32;29;65;41;
23;14;54;29;35;21;44;
23;42;3;44;47;43;25;
24;119;84;38;30;78;57;
24;52;81;36;37;44;59;
24;96;50;33;31;64;40;
24;14;50;30;34;22;42;
24;47;18;37;22;42;20;
25;53;85;34;26;43;55;
25;116;76;37;34;76;55;
25;15;50;33;31;24;40;
25;92;49;27;34;59;41;
25;44;14;36;32;40;23;
26;63;76;19;19;41;47;
26;12;47;30;31;21;39;
26;92;46;23;26;57;36;
26;104;17;20;22;62;19;
26;59;1;27;36;43;18;
27;47;70;37;36;42;53;
27;111;66;36;37;73;51;
27;88;53;23;17;55;35;
27;14;42;30;32;22;37;
27;44;19;20;24;32;21;
27;99;10;34;26;66;18;
28;47;67;32;31;39;49;
28;107;65;34;32;70;48;
28;18;47;25;25;21;36;
29;106;66;19;20;62;43;
29;50;62;25;22;37;42;
29;87;47;23;17;55;32;
29;14;40;28;27;21;33;
29;43;7;36;29;39;18;
30;43;57;31;36;37;46;
30;86;36;46;54;66;45;
30;16;32;25;32;20;32;
30;48;1;40;29;44;15;
31;99;67;29;22;64;44;
31;44;51;32;35;38;43;
31;85;32;25;28;55;30;
31;16;32;30;30;23;31;
31;44;1;39;34;41;17;
32;96;60;34;24;65;42;
32;46;53;24;30;35;41;
32;19;31;21;30;20;30;
33;137;138;50;15;93;76;
33;44;60;25;18;34;39;
33;87;38;40;40;63;39;
33;16;29;24;27;20;28;
33;48;9;17;23;32;16;
34;127;131;53;22;90;76;
34;43;46;27;29;35;37;
34;16;27;25;25;20;26;
34;81;26;43;49;62;37;
34;100;10;28;18;64;14;
34;48;1;55;29;51;15;
35;128;123;48;30;88;76;
35;94;42;21;28;57;35;
35;20;27;22;22;21;24;
35;52;1;32;22;42;11;
36;74;136;45;17;59;76;
36;120;116;60;37;90;76;
36;40;41;28;26;34;33;
36;83;31;25;36;54;33;
36;18;25;26;24;22;24;
36;51;4;27;19;39;11;
37;74;121;46;32;60;76;
37;114;109;47;44;80;76;
37;93;37;18;29;55;33;
37;21;23;22;22;21;22;
38;44;36;28;24;36;30;
38;83;28;29;36;56;32;
38;19;21;23;25;21;23;
38;50;1;37;23;43;12;
39;161;130;34;23;97;76;
39;39;33;27;26;33;29;
39;19;23;24;21;21;22;
39;86;14;23;45;54;29;
39;52;1;34;25;43;13;
40;163;123;32;24;97;73;
40;57;106;36;39;46;72;
40;96;101;39;27;67;64;
40;40;29;27;27;33;28;
40;20;18;18;22;19;20;
40;83;14;28;43;55;28;
41;164;114;31;39;97;76;
41;58;100;44;33;51;66;
41;103;89;29;36;66;62;
41;87;30;17;24;52;27;
41;24;15;21;23;22;19;
42;149;107;38;42;93;74;
42;56;85;78;40;67;62;
42;40;28;26;20;33;24;
42;24;14;21;23;22;18;
42;66;1;25;16;45;8;
43;78;136;49;17;63;76;
43;160;105;23;35;91;70;
43;90;81;36;26;63;53;
43;82;14;22;38;52;26;
43;24;12;23;23;23;17;
43;53;1;34;12;43;6;
44;73;125;66;28;69;76;
44;133;97;44;38;88;67;
44;54;88;25;32;39;60;
44;78;75;47;40;62;57;
44;85;28;18;21;51;24;
44;25;11;23;21;24;16;
45;49;118;67;35;58;76;
45;131;92;36;33;83;62;
45;43;71;71;44;57;57;
46;65;109;35;41;50;75;
46;132;92;32;28;82;60;
46;49;74;67;33;58;53;
46;25;8;23;19;24;13;
47;61;104;37;40;49;72;
47;139;76;15;26;77;51;
47;48;63;62;39;55;51;
47;47;18;20;21;33;19;
47;27;7;23;22;25;14;
48;59;93;36;43;47;68;
48;117;91;41;22;79;56;
48;46;60;61;35;53;47;
48;29;6;17;22;23;14;
49;58;105;29;23;43;64;
49;121;74;30;31;75;52;
49;67;59;39;30;53;44;
49;52;59;18;29;35;44;
50;85;98;22;27;53;62;
50;181;94;14;40;97;67;
50;63;89;26;31;44;60;
50;109;70;34;37;71;53;
50;44;53;26;27;35;40;
50;66;50;37;34;51;42;
50;73;1;36;19;54;10;
50;31;1;38;24;34;12;
51;178;89;17;23;97;56;
51;52;83;34;32;43;57;
51;105;58;38;41;71;49;
51;70;52;30;31;50;41;
51;42;45;31;33;36;39;
51;50;1;19;25;34;13;
52;153;142;41;11;97;76;
52;172;90;23;20;97;55;
52;114;58;24;34;69;46;
52;49;47;50;64;49;55;
