2;29;1;26;25;27;13;
3;121;108;31;35;76;71;
3;63;98;38;40;50;69;
3;179;89;16;38;97;63;
3;17;77;44;68;30;72;
4;134;135;32;18;83;76;
4;24;110;35;32;29;71;
4;65;109;33;27;49;68;
4;119;105;25;28;72;66;
4;176;88;19;38;97;63;
4;89;78;22;21;55;49;
4;16;74;28;44;22;59;
4;45;50;22;22;33;36;
4;17;38;21;29;19;33;
4;37;1;33;16;35;8;
5;32;141;41;12;36;76;
5;108;134;87;19;97;76;
5;117;109;20;22;68;65;
5;63;97;32;35;47;66;
5;16;75;42;63;29;69;
6;81;141;46;12;63;76;
6;115;107;23;27;69;67;
6;62;103;26;25;44;64;
6;16;52;42;80;29;66;
6;44;48;17;23;30;35;
6;23;1;34;24;28;12;
7;164;137;31;16;97;76;
7;24;133;51;20;37;76;
7;133;130;30;23;81;76;
7;113;105;29;32;71;68;
7;19;94;37;40;28;67;
7;58;92;34;34;46;63;
7;23;71;19;19;21;45;
8;77;133;111;20;94;76;
8;27;128;47;25;37;76;
8;20;107;35;22;27;64;
8;113;106;15;26;64;66;
8;58;88;26;34;42;61;
8;83;67;18;29;50;48;
8;44;46;23;20;33;33;
8;46;20;19;18;32;19;
9;127;126;56;27;91;76;
9;27;123;46;30;36;76;
9;78;100;59;53;68;76;
9;59;96;31;24;45;60;
9;16;88;38;41;27;64;
9;167;82;23;27;95;54;
9;16;65;22;36;19;50;
9;23;28;18;25;20;26;
10;126;120;53;33;89;76;
10;23;119;46;34;34;76;
10;87;98;49;55;68;76;
10;58;89;19;27;38;58;
10;7;80;42;45;24;62;
11;123;119;42;26;82;72;
11;77;100;56;53;66;76;
11;18;98;48;55;33;76;
11;57;91;30;26;43;58;
11;21;64;19;20;20;42;
11;45;40;18;19;31;29;
11;45;1;37;26;41;13;
12;140;121;50;32;95;76;
12;22;114;42;39;32;76;
12;77;93;55;60;66;76;
12;56;90;29;25;42;57;
12;20;78;36;40;28;59;
12;157;75;25;28;91;51;
12;44;40;19;20;31;30;
13;119;119;52;34;85;76;
13;9;97;51;56;30;76;
13;66;93;64;60;65;76;
13;42;34;24;25;33;29;
14;121;127;47;26;84;76;
14;21;116;27;29;24;72;
14;117;112;24;23;70;67;
14;61;104;56;49;58;76;
14;18;93;25;22;21;57;
14;54;85;19;24;36;54;
14;46;37;20;20;33;28;
15;113;117;52;36;82;76;
15;23;107;40;35;31;71;
15;34;102;81;51;57;76;
15;56;84;19;22;37;53;
15;22;77;19;32;20;54;
15;46;36;21;20;33;28;
16;133;121;30;22;81;71;
16;20;110;38;27;29;68;
16;178;109;17;44;97;76;
16;113;106;36;23;74;64;
16;52;80;21;25;36;52;
16;15;75;26;34;20;54;
16;47;35;18;19;32;27;
17;19;106;36;29;27;67;
17;110;105;39;33;74;69;
17;44;90;73;63;58;76;
17;51;78;22;23;36;50;
17;47;33;19;22;33;27;
18;88;134;42;19;65;76;
18;124;110;34;29;79;69;
18;176;90;19;63;97;76;
18;52;82;18;23;35;52;
18;22;1;47;31;34;16;
19;84;128;47;25;65;76;
19;171;87;24;66;97;76;
19;97;81;18;28;57;54;
19;20;69;19;37;19;53;
19;36;1;31;25;33;13;
20;71;130;49;23;60;76;
20;177;117;18;33;97;75;
20;123;101;29;33;76;67;
20;20;99;47;54;33;76;
20;70;98;23;36;46;67;
20;94;80;17;29;55;54;
20;49;78;22;18;35;48;
20;16;70;28;24;22;47;
20;29;8;16;22;22;15;
21;81;124;42;29;61;76;
21;175;112;20;35;97;73;
21;26;110;59;43;42;76;
21;18;105;23;17;20;61;
21;124;103;24;27;74;65;
21;178;89;17;21;97;55;
21;50;70;20;24;35;47;
22;80;124;43;29;61;76;
22;166;114;29;39;97;76;
22;15;87;46;66;30;76;
22;174;85;21;27;97;56;
22;94;75;17;24;55;49;
22;50;69;26;22;38;45;
22;22;65;16;27;19;46;
23;88;120;59;33;73;76;
23;170;108;25;45;97;76;
23;115;105;19;19;67;62;
23;17;75;35;69;26;72;
23;49;68;19;21;34;44;
24;80;118;52;35;66;76;
24;166;113;16;21;91;67;
24;105;92;36;29;70;60;
24;63;91;20;31;41;61;
24;16;84;46;58;31;71;
24;173;83;19;23;96;53;
24;50;60;19;26;34;43;
25;161;126;34;27;97;76;
25;77;115;38;38;57;76;
25;161;111;20;20;90;65;
25;112;97;27;23;69;60;
25;18;95;61;42;39;68;
25;49;68;23;18;36;43;
25;15;60;23;33;19;46;
26;71;111;40;42;55;76;
26;150;102;40;51;95;76;
26;22;99;38;35;30;67;
26;61;92;26;25;43;58;
26;89;75;49;44;69;59;
26;48;59;16;25;32;42;
26;20;44;20;38;20;41;
26;44;26;20;19;32;22;
26;23;11;24;30;23;20;
26;49;1;23;24;36;12;
27;78;109;27;43;52;76;
27;155;100;40;53;97;76;
27;22;100;34;30;28;65;
27;109;97;28;22;68;59;
27;58;95;20;18;39;56;
27;171;82;24;30;97;56;
27;16;66;21;21;18;43;
28;160;123;30;20;95;71;
28;154;97;23;26;88;61;
28;74;89;60;64;67;76;
28;20;82;38;47;29;64;
28;46;59;19;22;32;40;
28;16;52;25;33;20;42;
28;36;1;24;21;30;11;
29;71;103;31;43;51;73;
29;153;95;24;26;88;60;
29;107;86;24;30;65;58;
29;59;78;27;28;43;53;
29;18;78;39;48;28;63;
29;87;67;18;22;52;44;
29;33;1;47;22;40;11;
30;154;117;30;20;92;68;
30;64;100;37;39;50;69;
30;146;94;26;25;86;59;
30;18;94;30;28;24;61;
30;102;88;27;31;64;59;
30;44;56;20;21;32;38;
31;36;137;56;16;46;76;
31;154;108;29;24;91;66;
31;69;98;32;39;50;68;
31;56;74;22;30;39;52;
31;15;69;32;50;23;59;
31;41;1;67;16;54;8;
32;40;108;60;45;50;76;
32;145;94;31;38;88;66;
32;100;88;30;26;65;57;
32;17;81;35;34;26;57;
32;54;73;22;30;38;51;
32;44;1;24;18;34;9;
33;28;131;55;22;41;76;
33;69;103;28;27;48;65;
33;141;94;20;18;80;56;
33;18;82;53;32;35;57;
33;46;52;21;21;33;36;
34;140;91;20;19;80;55;
34;98;90;24;18;61;54;
34;17;57;34;54;25;55;
34;46;1;19;19;32;10;
35;92;140;43;13;67;76;
35;174;126;21;27;97;76;
35;38;79;56;74;47;76;
35;20;62;25;46;22;54;
36;89;136;42;17;65;76;
36;145;123;50;30;97;76;
36;175;94;20;25;97;59;
36;135;88;20;18;77;53;
36;36;77;56;76;46;76;
36;18;68;28;40;23;54;
36;44;45;20;25;32;35;
36;67;39;21;19;44;29;
36;18;25;20;44;19;34;
36;35;3;41;16;38;9;
37;90;133;79;20;84;76;
37;168;121;27;32;97;76;
37;24;85;67;68;45;76;
37;172;82;23;34;97;58;
37;17;74;26;26;21;50;
37;17;58;24;16;20;37;
37;45;44;32;48;38;46;
37;28;1;40;27;34;14;
38;92;128;71;25;81;76;
38;6;116;67;37;36;76;
38;62;95;23;25;42;60;
38;167;88;28;65;97;76;
38;92;74;25;29;58;51;
38;17;62;27;41;22;51;
38;49;61;24;29;36;45;
38;67;26;20;28;43;27;
39;24;131;57;22;40;76;
39;88;124;42;29;65;76;
39;129;120;66;33;97;76;
39;172;87;20;23;96;55;
39;63;80;27;36;45;58;
39;50;67;18;20;34;43;
39;19;56;27;45;23;50;
40;8;125;61;28;34;76;
40;78;120;51;33;64;76;
40;129;116;65;37;97;76;
40;169;86;21;22;95;54;
40;59;81;29;29;44;55;
40;20;70;20;29;20;49;
41;124;132;35;21;79;76;
41;175;119;20;17;97;68;
41;78;117;43;36;60;76;
41;12;102;49;47;30;74;
41;165;82;30;28;97;55;
41;58;77;27;32;42;54;
41;91;73;17;25;54;49;
41;49;61;24;22;36;41;
41;24;42;23;53;23;47;
41;28;1;42;27;35;14;
42;128;129;29;24;78;76;
42;8;121;38;25;23;73;
42;75;118;44;35;59;76;
42;176;116;17;27;96;71;
42;58;90;18;25;38;57;
42;18;64;29;30;23;47;
42;77;52;20;19;48;35;
43;82;115;31;35;56;75;
43;11;113;34;34;22;73;
43;126;110;69;43;97;76;
43;34;94;20;20;27;57;
43;22;68;22;23;22;45;
43;68;53;23;29;45;41;
44;97;119;60;34;78;76;
44;167;116;28;29;97;72;
44;71;111;41;35;56;73;
44;9;94;46;44;27;69;
44;171;80;24;28;97;54;
44;18;22;19;27;18;24;
44;38;1;37;18;37;9;
45;116;124;34;29;75;76;
45;163;110;32;39;97;74;
45;69;109;42;33;55;71;
45;9;70;73;70;41;70;
45;24;46;18;33;21;39;
45;42;27;19;24;30;25;
46;113;120;29;33;71;76;
46;78;103;27;26;52;64;
46;15;103;44;29;29;66;
46;146;101;45;52;95;76;
46;52;69;27;34;39;51;
46;21;61;17;25;19;43;
46;18;25;20;32;19;28;
47;115;116;34;37;74;76;
47;146;113;41;40;93;76;
47;21;102;36;24;28;63;
47;66;101;37;35;51;68;
47;143;99;28;24;85;61;
47;18;65;28;36;23;50;
47;45;50;23;24;34;37;
47;27;9;19;22;23;15;
47;48;1;32;31;40;16;
48;149;113;32;31;90;72;
48;111;112;48;41;79;76;
48;77;98;24;25;50;61;
48;141;94;25;28;83;61;
48;163;72;32;31;97;51;
49;138;111;47;42;92;76;
49;111;108;25;38;68;73;
49;10;102;31;17;20;59;
49;73;96;26;26;49;61;
50;111;108;32;35;71;71;
50;69;93;28;31;48;62;
50;128;91;48;62;88;76;
50;13;91;44;27;28;59;
51;110;105;76;48;93;76;
51;12;94;30;20;21;57;
51;68;92;26;24;47;58;
51;37;65;33;27;35;46;
51;21;27;17;47;19;37;
51;34;1;52;23;43;12;
52;93;133;95;20;94;76;
52;107;105;23;37;65;71;
52;146;92;21;30;83;61;
52;72;89;22;23;47;56;
