2;160;78;7;7;83;42
2;168;70;11;7;89;38
2;194;76;8;6;101;41
2;193;82;9;6;101;44
2;212;83;7;8;109;45
2;227;72;11;12;119;42
2;229;88;9;6;119;47
2;234;97;11;6;122;51
2;236;105;13;7;124;56
2;245;116;16;10;130;63
2;258;130;16;14;137;72
2;239;142;19;11;129;76
2;268;168;20;15;144;91
2;289;194;28;18;158;106
2;301;164;15;14;158;89
2;248;192;30;23;139;107
2;205;191;33;23;119;107
2;216;153;20;14;118;83
2;227;126;16;11;121;68
2;217;111;15;12;116;61
2;216;101;11;8;113;54
2;189;93;13;12;101;52
2;177;80;8;8;92;44
2;174;86;8;9;91;47
2;155;86;8;9;81;47
2;145;103;13;13;79;58
2;144;121;13;10;78;65
2;170;112;14;13;92;62
2;199;121;14;11;106;66
2;179;154;21;15;100;84
2;148;165;24;23;86;94
3;178;153;20;14;99;83
3;214;154;21;13;117;83
3;242;140;17;12;129;76
3;263;169;26;14;144;91
3;297;165;21;15;159;90
3;286;191;30;18;158;104
3;243;194;32;21;137;107
3;206;189;29;22;117;105
3;149;163;23;20;86;91
3;169;113;13;13;91;63
3;198;120;14;10;106;65
3;227;126;14;8;120;67
3;246;115;15;9;130;62
3;259;130;18;15;138;72
3;235;102;12;10;123;56
3;218;110;14;13;116;61
3;215;101;12;8;113;54
3;190;89;12;12;101;50
3;212;85;7;6;109;45
3;228;88;12;8;120;48
3;227;72;12;12;119;42
3;195;76;9;10;102;43
3;176;81;11;7;93;44
3;174;88;11;9;92;48
3;168;69;9;7;88;38
3;159;78;8;7;83;42
3;155;85;8;7;81;46
3;147;103;11;11;79;57
3;144;120;15;11;79;65
3;213;74;7;9;110;41
4;169;71;9;6;89;38
4;160;78;8;6;84;42
4;156;85;7;7;81;46
4;146;104;12;10;79;57
4;143;120;14;11;78;65
4;149;158;22;25;85;91
4;178;80;7;6;92;43
4;175;86;8;10;91;48
4;169;114;14;12;91;63
4;179;150;18;15;98;82
4;202;189;29;21;115;105
4;244;192;30;18;137;105
4;214;153;20;12;117;82
4;197;120;14;9;105;64
4;190;90;13;15;101;52
4;195;76;7;9;101;42
4;213;76;7;7;110;41
4;212;83;7;6;109;44
4;215;100;11;7;113;53
4;216;109;16;12;116;60
4;227;125;13;10;120;67
4;241;142;18;11;129;76
4;262;168;25;13;143;90
4;285;191;30;18;157;104
4;298;164;22;16;160;90
4;255;129;19;12;137;70
4;245;115;16;11;130;63
4;236;104;13;8;124;56
4;229;90;10;6;119;48
4;228;72;11;13;119;42
5;228;74;10;11;119;42
5;214;75;7;10;110;42
5;210;84;9;6;109;45
5;214;100;13;8;113;54
5;218;109;13;12;115;60
5;227;124;14;12;120;68
5;229;89;10;6;119;47
5;233;98;14;12;123;55
5;245;115;15;9;130;62
5;257;131;18;11;137;71
5;296;164;25;14;160;89
5;260;165;26;15;143;90
5;286;189;27;18;156;103
5;239;141;19;10;129;75
5;211;151;22;13;116;82
5;240;189;29;20;134;104
5;201;186;28;22;114;104
5;176;150;20;13;98;81
5;195;119;18;11;106;65
5;190;89;12;15;101;52
5;193;79;8;7;100;43
5;177;80;9;6;93;43
5;175;86;9;9;92;47
5;170;110;13;14;91;62
5;162;77;6;8;84;42
5;154;86;8;6;81;46
5;147;103;11;10;79;56
5;144;116;14;13;79;64
5;150;157;22;22;86;89
6;149;157;21;19;85;88
6;199;180;32;23;115;101
6;178;148;17;14;97;81
6;168;111;15;11;91;61
6;144;117;12;11;78;64
6;146;102;12;10;79;56
6;155;85;8;8;81;46
6;160;77;7;7;83;42
6;170;69;8;7;89;38
6;178;78;9;7;93;42
6;173;86;10;8;91;47
6;193;75;9;12;101;43
6;189;89;13;13;101;51
6;195;117;16;12;105;64
6;213;148;19;13;116;80
6;242;187;28;21;135;104
6;282;189;30;16;156;102
6;259;164;27;15;143;89
6;239;139;18;12;128;75
6;225;126;15;8;120;67
6;216;109;14;10;115;59
6;216;100;9;9;112;54
6;212;84;8;6;110;45
6;214;72;7;11;110;41
6;227;71;12;13;119;42
6;228;87;12;8;120;47
6;233;97;11;6;122;51
6;236;103;15;9;125;56
6;245;115;15;11;130;63
6;256;129;18;14;137;71
6;296;162;24;15;160;88
7;225;73;15;12;120;42
7;229;88;10;7;119;47
7;234;96;12;5;123;50
7;238;102;11;8;124;55
7;245;115;15;8;130;61
7;257;128;16;11;136;69
7;296;161;22;14;159;87
7;258;162;22;13;140;87
7;281;186;28;17;154;101
7;237;139;20;12;128;75
7;225;124;14;9;119;66
7;217;109;15;13;116;61
7;214;99;11;7;112;53
7;213;82;6;7;109;44
7;215;74;6;7;110;40
7;196;74;8;7;102;40
7;189;89;13;15;101;52
7;196;116;14;11;105;63
7;211;146;19;14;115;80
7;239;186;28;17;133;101
7;199;178;26;21;112;99
7;174;147;21;14;97;80
7;170;110;12;13;91;61
7;175;87;7;7;91;47
7;179;79;6;7;92;43
7;170;69;9;8;89;38
7;160;75;8;10;84;42
7;156;85;8;8;82;46
7;147;101;11;11;79;56
7;145;117;13;12;79;64
7;146;154;25;20;85;87
8;147;152;20;21;83;86
8;175;144;20;15;97;79
8;210;146;21;10;115;78
8;198;174;23;20;110;97
8;235;184;28;16;131;100
8;257;159;26;14;141;86
8;278;184;27;18;152;101
8;293;162;23;14;158;88
8;238;138;17;13;127;75
8;255;128;18;11;136;69
8;245;115;15;10;130;62
8;225;123;16;10;120;66
8;217;109;13;11;115;60
8;197;116;13;9;105;62
8;169;109;11;11;90;60
8;144;115;13;11;78;63
8;148;98;12;11;80;54
8;156;84;8;8;82;46
8;160;76;10;8;85;42
8;179;79;7;7;93;43
8;175;86;7;9;91;47
8;190;89;13;13;101;51
8;214;98;10;8;112;53
8;233;97;10;3;121;50
8;236;104;10;6;123;55
8;227;87;12;7;119;47
8;211;82;8;6;109;44
8;193;78;8;7;100;42
8;225;71;15;11;120;41
9;227;71;11;13;119;42
9;213;74;9;9;111;41
9;211;83;9;6;110;44
9;193;77;8;6;100;41
9;179;78;6;8;92;43
9;175;85;10;7;92;46
9;190;88;11;12;100;50
9;228;87;13;10;120;48
9;161;76;7;7;84;41
9;158;83;6;7;82;45
9;146;99;12;11;79;55
9;144;115;13;12;78;63
9;146;150;22;22;84;86
9;175;143;18;14;96;78
9;195;174;27;18;111;96
9;170;110;12;10;91;60
9;195;115;14;11;104;63
9;209;145;20;13;114;79
9;237;182;22;15;129;98
9;275;179;28;15;151;97
9;254;159;24;14;139;86
9;236;138;19;12;127;75
9;225;124;14;10;119;67
9;216;110;15;9;115;59
9;215;98;10;6;112;52
9;231;97;15;6;123;51
9;236;105;13;6;124;55
9;243;113;16;10;129;61
9;255;128;17;11;136;69
9;292;161;24;15;158;88
10;290;162;26;14;158;88
10;274;179;27;19;150;99
10;252;158;26;15;139;86
10;233;178;26;18;129;98
10;192;171;29;21;110;96
10;147;149;22;21;84;85
10;172;142;22;16;97;79
10;207;143;19;14;113;78
10;237;136;17;11;127;73
10;256;128;18;13;137;70
10;243;113;16;10;129;61
10;224;124;16;10;120;67
10;217;106;15;13;116;59
10;195;114;14;11;104;62
10;170;109;11;14;90;61
10;143;113;13;11;78;62
10;148;98;10;11;79;54
10;156;82;7;6;81;44
10;175;85;9;6;92;45
10;190;86;12;12;101;49
10;211;97;13;9;112;53
10;232;96;13;6;122;51
10;236;101;11;10;123;55
10;230;86;10;8;120;47
10;228;71;13;15;120;43
10;213;74;8;12;110;43
10;192;76;13;8;102;42
10;161;75;10;8;85;41
11;193;114;15;9;104;61
11;170;107;12;13;91;60
11;171;140;20;14;95;77
11;190;166;25;20;107;93
11;232;177;30;17;131;97
11;271;176;28;18;149;97
11;288;156;25;16;156;86
11;251;157;24;14;137;85
11;235;136;20;10;127;73
11;256;123;18;17;137;70
11;224;122;16;11;120;66
11;205;143;20;11;112;77
11;147;148;22;20;84;84
11;146;113;11;12;78;62
11;145;96;14;13;79;54
11;157;82;8;8;82;45
11;175;83;9;9;92;46
11;191;84;11;13;101;48
11;211;96;16;10;113;53
11;215;107;13;11;114;59
11;242;115;19;9;130;62
11;236;102;17;8;126;55
11;227;87;14;8;120;47
11;211;81;9;5;110;43
11;225;68;14;17;119;42
11;193;75;9;8;101;41
11;163;74;9;9;86;41
12;192;165;25;21;108;93
12;231;176;26;13;128;94
12;272;175;23;19;147;97
12;290;159;23;15;156;87
12;251;153;24;18;137;85
12;234;135;17;9;125;72
12;254;125;18;14;136;69
12;240;111;21;12;130;61
12;222;120;17;10;119;65
12;207;139;17;11;112;75
12;171;138;19;15;95;76
12;146;146;19;19;82;82
12;145;111;15;13;80;62
12;169;106;14;14;91;60
12;193;112;12;12;102;62
12;215;107;16;13;115;60
12;232;95;17;13;124;54
12;227;71;12;14;119;42
12;212;73;8;9;110;41
12;210;81;9;8;109;44
12;194;74;8;11;101;42
12;190;86;13;14;101;50
12;213;96;12;10;112;53
12;175;82;9;9;92;45
12;161;74;11;8;86;41
12;156;81;10;9;83;45
12;147;96;12;11;79;53
12;158;202;34;16;96;109
13;160;200;32;20;96;110
13;189;162;25;20;107;91
13;230;172;23;18;126;95
13;251;154;23;12;137;83
13;268;174;25;16;146;95
13;287;160;27;12;157;86
13;204;138;20;15;112;76
13;173;136;15;12;94;74
13;142;142;25;22;83;82
13;144;110;14;12;79;61
13;148;94;12;13;80;53
13;167;106;15;10;91;58
13;192;111;16;12;104;61
13;215;106;18;13;116;59
13;222;121;17;9;119;65
13;236;134;15;10;125;72
13;252;127;19;12;135;69
13;242;113;17;10;129;61
13;213;96;11;7;112;51
13;233;97;15;13;124;55
13;227;87;12;6;119;46
13;228;71;9;12;118;41
13;215;71;9;13;112;42
13;193;74;12;12;102;43
13;190;88;12;9;101;48
13;176;83;8;7;92;45
13;162;72;11;12;86;42
13;156;81;10;9;83;45
14;170;104;12;12;91;58
14;172;134;15;13;93;73
14;144;143;25;18;84;80
14;159;197;30;19;94;108
14;189;161;23;20;106;90
14;205;136;17;13;111;74
14;228;171;25;15;126;93
14;271;171;24;19;147;95
14;291;159;21;12;156;85
14;249;153;23;15;136;84
14;235;134;17;10;126;72
14;251;124;19;14;135;69
14;222;120;16;11;119;65
14;195;113;15;9;105;61
14;215;104;15;12;115;58
14;242;112;15;8;128;60
14;233;102;15;9;124;55
14;228;82;10;12;119;47
14;211;80;8;8;109;44
14;213;94;11;8;112;51
14;190;85;13;15;101;50
14;194;76;8;6;101;41
14;178;75;9;8;93;41
14;175;82;9;6;92;44
14;162;72;9;8;85;40
14;157;82;10;7;83;44
14;147;96;12;10;79;53
14;146;109;12;11;79;60
15;157;195;33;23;95;109
15;189;157;19;19;104;88
15;223;167;27;19;125;93
15;266;172;26;16;146;94
15;288;156;21;15;154;85
15;248;150;24;15;136;82
15;233;132;16;12;124;72
15;252;124;17;14;134;69
15;242;112;16;11;129;61
15;224;121;13;10;118;65
15;203;135;19;12;111;73
15;170;133;19;14;94;73
15;144;142;20;18;82;80
15;145;109;11;10;78;59
15;167;104;15;10;91;57
15;193;109;15;11;104;60
15;214;102;14;14;114;58
15;234;100;14;10;124;55
15;228;85;10;9;119;47
15;226;69;14;13;120;41
15;213;71;12;12;112;41
15;212;81;10;8;111;44
15;195;77;7;6;101;41
15;189;85;11;12;100;48
15;176;82;9;8;92;45
15;163;73;9;8;86;40
15;158;80;7;8;82;44
15;147;96;10;11;78;53
16;144;139;19;19;81;79
16;158;191;27;26;92;108
16;186;155;21;18;103;86
16;224;167;25;17;124;92
16;264;170;25;13;144;91
16;286;156;26;15;156;85
16;246;150;25;13;135;81
16;251;124;18;14;134;69
16;232;132;19;10;125;71
16;224;120;15;10;119;65
16;203;134;17;13;110;73
16;168;132;18;12;93;72
16;192;108;15;11;103;59
16;214;105;13;10;113;57
16;242;113;18;10;130;61
16;234;101;14;9;124;55
16;231;94;12;7;121;50
16;226;72;13;10;119;41
16;212;70;11;11;111;40
16;210;80;12;9;111;44
16;210;95;13;6;111;50
16;230;86;9;8;119;47
16;195;72;10;8;102;40
16;193;85;9;12;101;48
16;176;80;9;12;92;46
16;162;73;12;8;87;40
16;158;80;9;9;83;44
16;145;93;14;10;79;51
16;145;107;12;10;78;58
16;169;104;15;11;92;57
17;141;139;24;18;82;78
17;158;188;24;24;91;106
17;184;151;24;21;104;86
17;222;166;22;15;122;90
17;264;170;24;13;144;91
17;288;153;22;18;155;85
17;246;149;23;15;134;82
17;233;133;18;12;125;72
17;251;124;18;12;134;68
17;242;112;15;8;128;60
17;223;120;14;10;118;65
17;201;135;22;12;111;73
17;169;132;16;11;92;71
17;191;110;14;9;102;59
17;169;103;11;12;90;57
17;146;107;10;8;78;57
17;149;92;11;11;80;51
17;164;73;9;10;86;41
17;158;80;11;10;84;45
17;178;82;9;7;93;44
17;180;75;8;6;94;40
17;192;86;7;9;99;47
17;198;71;5;9;101;40
17;212;80;7;8;109;44
17;226;70;13;13;119;41
17;227;86;12;8;119;47
17;232;95;11;5;121;50
17;236;102;11;8;123;55
17;215;104;15;11;115;57
17;213;95;11;8;112;51
18;154;187;29;25;91;106
18;222;165;25;15;123;90
18;259;165;25;16;142;90
18;286;154;24;17;155;85
18;247;149;19;11;133;80
18;233;132;16;12;124;72
18;251;122;18;14;134;68
18;222;119;15;9;118;64
18;198;132;23;15;110;73
18;187;151;20;18;103;84
18;170;129;15;12;92;70
18;142;137;24;20;83;78
18;148;106;13;9;80;57
18;151;92;9;11;80;51
18;160;79;7;7;83;43
18;166;72;7;8;86;40
18;176;80;9;7;92;43
18;169;101;11;11;90;56
18;193;107;12;10;102;58
18;192;84;12;12;102;48
18;197;73;7;6;102;39
18;211;78;7;7;109;42
18;226;69;14;14;120;41
18;228;84;10;8;119;46
18;211;93;12;8;111;50
18;214;104;14;11;114;57
18;230;94;14;6;122;50
18;237;101;9;8;123;54
18;242;110;14;11;128;60
19;153;183;28;23;90;103
19;223;161;20;16;121;88
19;255;163;28;18;141;90
19;284;154;23;16;153;85
19;246;147;20;12;133;79
19;235;132;11;9;123;70
19;251;122;18;13;134;67
19;200;130;19;12;109;71
19;184;150;24;17;104;83
19;169;126;16;14;92;70
19;141;132;24;22;82;77
19;146;104;13;10;79;57
19;148;90;15;12;81;51
19;169;100;12;10;90;55
19;192;106;14;10;103;58
19;215;104;13;9;114;56
19;224;115;12;12;118;63
19;240;110;17;10;128;60
19;236;101;12;9;124;55
19;211;92;9;8;110;50
19;230;92;13;8;121;50
19;227;84;9;5;118;44
19;228;69;13;12;120;40
19;214;72;7;6;110;39
19;213;80;7;6;110;43
19;195;72;9;11;102;41
19;191;82;13;12;102;47
19;181;75;8;7;94;41
19;177;78;7;9;92;43
19;158;80;9;8;83;44
19;165;71;8;9;86;40
20;155;180;26;26;90;103
20;143;136;18;17;80;76
20;169;126;16;12;92;69
20;185;147;19;15;102;81
20;220;158;22;17;121;87
20;256;163;25;13;140;88
20;284;151;20;16;152;83
20;242;145;23;14;132;79
20;234;130;17;13;125;71
20;252;124;16;11;134;67
20;200;130;20;14;110;72
20;222;116;16;13;119;64
20;242;112;14;8;128;60
20;235;101;13;10;124;55
20;230;94;12;6;121;50
20;211;93;11;8;111;50
20;214;101;15;12;114;56
20;189;107;17;11;103;59
20;169;100;12;11;90;55
20;147;103;10;12;78;57
20;150;91;11;12;80;51
20;159;78;9;8;84;43
20;167;71;8;7;87;39
20;177;80;7;8;92;44
20;182;74;8;6;95;40
20;193;83;9;12;101;47
20;195;73;8;5;101;39
20;211;78;7;7;109;42
20;227;70;11;11;119;40
20;228;85;10;8;119;46
21;226;69;11;11;118;40
21;217;70;7;10;112;40
21;212;77;8;7;110;42
21;213;91;10;10;111;50
21;214;101;13;14;113;57
21;224;118;12;9;118;63
21;234;130;14;9;124;69
21;242;144;21;14;131;79
21;256;161;24;16;140;88
21;284;152;23;16;153;84
21;220;161;21;14;120;87
21;182;145;23;19;102;82
21;198;129;19;12;108;70
21;191;105;15;11;103;58
21;191;82;12;12;101;47
21;196;72;9;8;102;40
21;182;74;7;6;94;40
21;177;79;8;9;92;44
21;167;70;8;8;87;39
21;161;77;8;8;84;42
21;149;89;11;11;80;50
21;148;105;10;7;79;56
21;169;101;13;9;91;55
21;170;124;14;11;92;67
21;144;133;17;17;80;75
21;157;179;25;24;91;101
21;227;83;10;7;118;45
21;231;93;11;9;121;51
21;234;102;15;9;124;55
21;242;110;15;9;128;59
21;249;123;18;12;133;67
22;214;202;30;18;122;110
22;256;205;35;15;145;110
22;282;150;24;17;153;83
22;254;159;24;16;139;87
22;216;158;23;13;119;85
22;182;148;20;14;101;81
22;151;177;32;20;91;98
22;144;130;19;20;81;75
22;168;122;16;13;92;67
22;197;127;19;12;108;69
22;233;130;16;10;124;70
22;250;120;18;17;134;68
22;242;112;15;8;128;60
22;222;116;15;13;118;64
22;215;102;13;10;114;56
22;193;105;13;10;103;57
22;169;98;12;11;90;54
22;146;101;14;12;80;56
22;150;89;11;9;80;49
22;160;77;9;9;84;43
22;167;69;9;8;88;38
22;178;79;8;7;93;43
22;191;80;11;12;101;46
22;195;69;12;9;103;39
22;214;77;6;7;110;42
22;226;68;13;11;119;39
22;225;84;13;7;119;45
22;233;94;9;5;121;49
22;236;102;11;7;123;54
22;213;91;11;10;112;50
23;227;70;10;12;118;41
23;214;72;9;8;111;40
23;211;76;8;10;109;43
23;227;83;12;9;119;46
23;232;94;11;6;121;50
23;235;100;13;8;124;54
23;241;112;14;7;127;59
23;248;122;19;11;133;66
23;283;152;20;15;151;83
23;254;159;24;14;139;86
23;216;156;25;15;120;85
23;147;176;33;19;90;97
23;211;199;31;21;121;110
23;256;204;33;17;144;110
23;243;145;19;11;131;78
23;230;129;18;9;124;69
23;222;115;14;13;118;64
23;213;103;15;8;114;55
23;213;92;10;8;111;50
23;195;70;9;10;102;40
23;191;81;10;12;100;46
23;188;105;16;9;102;57
23;199;127;17;14;108;70
23;167;122;15;11;91;66
23;183;144;18;15;100;79
23;143;130;20;16;81;73
23;147;102;12;8;79;55
23;170;98;13;11;91;54
23;179;77;8;9;93;43
23;160;77;8;6;84;41
23;149;88;13;10;81;49
24;210;203;29;17;119;110
24;255;202;28;17;141;109
24;282;149;21;15;151;82
24;252;157;23;15;137;86
24;244;143;18;11;131;77
24;213;154;24;13;118;83
24;181;142;22;15;101;78
24;153;171;25;22;89;96
24;146;131;15;17;80;74
24;167;121;17;13;92;67
24;196;126;20;11;108;68
24;220;116;14;9;117;62
24;231;128;16;11;123;69
24;249;120;17;13;133;66
24;239;111;17;8;128;59
24;233;99;15;9;124;54
24;227;82;13;9;120;45
24;228;68;12;13;120;40
24;213;78;7;7;110;42
24;210;90;12;9;111;49
24;212;101;14;11;113;56
24;191;104;14;8;102;56
24;169;98;12;9;90;53
24;191;83;11;11;101;47
24;177;79;9;6;93;42
24;159;78;9;7;84;42
24;150;88;10;11;80;49
24;149;101;11;11;80;56
25;152;171;27;22;89;96
25;208;199;29;18;118;108
25;252;199;31;20;141;109
25;281;151;25;14;153;82
25;250;155;23;17;136;86
25;241;142;21;11;131;76
25;249;121;18;12;133;66
25;230;127;16;12;123;69
25;215;155;21;13;118;84
25;181;140;18;15;99;77
25;198;126;16;10;107;68
25;222;115;12;12;117;63
25;240;109;16;10;128;59
25;234;99;13;10;123;54
25;226;83;11;8;118;45
25;227;69;13;11;120;40
25;214;70;9;9;111;39
25;210;91;12;6;111;48
25;213;100;12;12;112;56
25;191;103;12;10;101;56
25;192;81;8;13;100;47
25;178;78;8;7;93;42
25;161;77;8;7;84;42
25;150;87;11;10;80;48
25;147;99;11;10;79;54
25;140;129;20;16;80;72
25;169;120;14;15;91;67
25;170;97;11;11;90;54
26;149;169;27;21;88;95
26;143;127;18;17;80;72
26;148;99;12;10;80;54
26;150;85;10;13;80;49
26;161;75;9;8;85;41
26;169;71;7;7;88;39
26;183;71;7;7;95;39
26;179;77;7;8;93;42
26;167;97;14;10;90;53
26;169;118;13;13;91;65
26;181;139;18;12;99;75
26;207;193;24;21;115;107
26;251;198;27;20;139;109
26;214;150;24;15;119;82
26;198;122;19;16;108;69
26;193;102;10;12;101;57
26;192;80;9;12;100;46
26;196;71;8;6;102;38
26;211;75;9;7;110;41
26;210;90;10;10;110;50
26;216;100;9;14;112;57
26;220;114;14;12;117;63
26;229;127;18;12;123;69
26;238;143;23;10;130;76
26;251;153;22;15;136;84
26;279;150;24;14;151;82
26;249;123;18;13;133;68
26;239;111;15;8;127;59
26;235;101;12;8;123;54
26;232;92;10;9;121;50
26;226;83;11;8;118;45
26;226;69;13;14;119;41
27;212;98;12;13;112;55
27;221;116;13;8;117;62
27;226;127;18;11;122;69
27;238;141;23;10;130;75
27;251;152;18;13;134;82
27;281;148;19;14;150;81
27;249;194;27;20;138;107
27;204;191;27;19;115;105
27;152;167;23;21;87;94
27;143;125;17;20;80;72
27;149;100;11;9;80;54
27;152;88;8;8;80;48
27;162;74;7;9;84;41
27;180;77;8;7;94;42
27;192;80;10;8;101;44
27;190;102;18;10;104;56
27;169;95;12;13;90;54
27;168;118;16;13;92;65
27;180;136;18;15;99;75
27;197;121;14;14;105;67
27;214;149;19;13;116;81
27;247;121;16;12;131;66
27;241;109;15;10;128;59
27;235;100;15;7;125;53
27;231;91;8;7;119;49
27;211;90;9;7;110;48
27;212;75;7;8;109;41
27;226;68;13;10;119;39
27;226;83;13;8;119;45
28;157;202;16;19;86;110
28;247;192;29;19;138;105
28;201;189;29;18;115;103
28;279;147;20;15;149;81
28;245;151;25;16;135;83
28;239;138;20;12;129;75
28;211;149;19;15;115;82
28;179;133;16;17;97;75
28;151;162;22;22;86;92
28;145;124;16;16;80;70
28;166;115;18;14;92;64
28;196;122;17;9;106;65
28;221;115;13;8;117;61
28;231;126;14;10;122;68
28;248;123;16;10;132;66
28;239;110;17;8;128;59
28;233;101;18;7;125;54
28;230;91;15;9;122;50
28;227;83;9;6;118;44
28;227;69;11;10;119;39
28;213;75;7;9;110;42
28;213;90;6;8;109;49
28;212;100;12;12;112;56
28;192;102;12;9;102;55
28;171;94;11;10;91;52
28;191;79;13;13;102;46
28;180;78;7;7;93;42
28;168;69;7;9;87;39
28;152;86;10;9;81;47
28;149;97;11;10;80;53
29;155;196;14;19;84;107
29;202;186;23;17;112;101
29;242;192;31;19;136;105
29;250;153;19;11;134;82
29;280;148;19;14;149;81
29;213;149;19;13;116;81
29;239;138;17;12;128;75
29;177;134;20;16;98;75
29;151;161;23;20;87;90
29;144;123;15;17;79;70
29;149;97;11;8;80;52
29;151;85;11;10;81;47
29;161;74;9;7;85;40
29;181;76;8;7;94;41
29;170;95;10;11;90;53
29;168;116;13;11;90;63
29;197;121;15;11;106;66
29;191;101;14;9;102;55
29;192;80;11;12;101;46
29;198;72;8;6;103;39
29;211;76;9;7;110;41
29;212;89;10;9;111;49
29;213;98;10;12;111;55
29;222;113;11;10;116;61
29;230;124;13;11;121;67
29;248;121;17;12;132;66
29;240;107;14;11;127;59
29;233;99;14;7;123;53
29;227;81;10;13;118;47
29;226;66;13;11;119;38
30;228;69;9;12;118;40
30;215;71;8;9;111;40
30;198;72;8;6;103;39
30;182;71;6;9;94;40
30;164;73;9;12;86;42
30;153;86;9;10;81;48
30;150;97;8;10;79;53
30;142;120;18;15;80;67
30;152;158;18;20;85;89
30;158;199;10;19;84;109
30;197;182;30;19;113;100
30;244;186;27;22;135;104
30;211;147;21;12;116;79
30;181;133;15;16;98;74
30;167;115;15;10;91;62
30;172;94;10;9;91;51
30;193;80;9;13;101;46
30;188;98;13;11;100;54
30;196;121;15;11;105;66
30;211;91;12;10;111;50
30;210;98;18;9;114;53
30;222;112;10;11;116;61
30;227;124;16;15;121;69
30;238;139;21;14;129;76
30;248;150;17;15;132;82
30;276;147;25;13;150;80
30;248;121;17;11;132;66
30;241;107;13;12;127;59
30;234;98;12;9;123;53
30;226;83;11;6;118;44
31;155;193;12;21;83;107
31;198;180;25;17;111;98
31;149;159;24;19;86;89
31;143;121;14;14;78;67
31;149;95;11;10;80;52
31;153;85;8;8;80;46
31;164;73;7;9;85;41
31;181;73;6;9;93;41
31;170;92;10;11;90;51
31;166;110;18;16;92;63
31;176;131;20;14;98;72
31;196;119;16;11;106;65
31;210;144;20;14;115;79
31;242;184;26;22;134;103
31;192;100;12;9;102;54
31;193;79;11;13;102;46
31;213;75;8;7;110;41
31;211;89;10;8;110;48
31;212;98;12;10;112;54
31;220;114;15;10;117;62
31;231;124;12;11;121;67
31;239;137;16;11;127;74
31;246;149;26;12;136;80
31;277;145;21;14;149;79
31;246;120;19;12;132;66
31;239;108;17;10;128;59
31;233;98;12;8;122;53
31;227;82;9;7;118;44
31;228;70;12;10;120;40
32;227;69;12;11;119;40
32;228;81;9;8;118;44
32;231;90;10;8;120;49
32;234;99;12;9;123;54
32;240;110;15;8;127;59
32;246;121;19;10;132;65
32;278;148;23;14;150;81
32;243;147;20;14;131;80
32;240;179;26;23;133;101
32;196;177;29;20;112;98
32;155;191;14;21;84;106
32;150;156;20;20;85;88
32;176;129;17;16;96;72
32;208;141;22;15;115;78
32;236;135;18;11;127;73
32;227;122;16;11;121;66
32;217;112;15;8;116;60
32;195;118;16;11;105;64
32;170;112;12;12;91;62
32;143;119;18;16;80;67
32;151;95;9;9;80;52
32;153;85;12;9;82;47
32;164;75;7;7;85;41
32;192;77;10;11;101;44
32;190;97;12;10;101;53
32;170;91;10;12;90;51
32;181;76;7;5;94;40
32;211;88;9;8;110;48
32;211;97;14;13;112;55
32;213;72;8;10;110;41
33;239;180;24;20;131;100
33;277;147;21;15;149;81
33;245;148;20;13;132;80
33;196;174;25;18;110;96
33;150;156;22;18;86;87
33;154;188;10;18;82;103
33;143;118;15;18;79;68
33;168;112;15;11;91;61
33;175;130;21;12;98;71
33;210;144;18;13;114;78
33;236;136;19;9;127;72
33;248;117;16;13;132;65
33;228;123;14;11;121;67
33;195;118;15;11;105;64
33;217;113;15;9;116;61
33;150;94;11;9;80;51
33;153;83;11;9;82;46
33;164;73;9;9;86;41
33;171;90;10;13;90;51
33;189;98;13;9;101;53
33;211;95;12;12;111;53
33;240;107;13;9;126;58
33;229;88;11;9;120;48
33;228;68;11;10;119;39
33;211;75;9;7;110;41
33;192;76;12;11;102;43
33;181;74;7;7;94;40
34;176;126;15;16;95;71
34;150;154;20;19;85;86
34;152;186;14;19;83;102
34;195;173;24;17;109;95
34;237;180;26;17;131;98
34;208;140;20;16;114;78
34;245;148;20;12;132;80
34;276;146;22;12;149;79
34;234;134;18;11;126;72
34;226;123;17;10;121;66
34;247;119;15;11;131;65
34;219;111;14;11;116;61
34;193;115;17;12;105;63
34;169;113;11;9;90;61
34;144;117;15;15;79;66
34;151;92;9;9;80;50
34;153;82;11;9;82;45
34;165;75;6;7;85;41
34;170;88;10;12;90;50
34;191;94;11;12;101;53
34;194;77;10;9;102;43
34;210;86;11;10;110;48
34;211;96;11;10;111;53
34;225;67;13;11;119;39
34;226;80;12;9;119;44
34;230;89;9;8;119;48
34;234;97;14;11;124;54
34;240;107;14;9;127;58
35;291;193;27;23;159;108
35;233;174;27;20;130;97
35;194;167;21;21;107;94
35;150;150;19;19;84;84
35;152;182;12;20;82;101
35;143;115;17;19;80;67
35;167;108;14;11;90;59
35;176;124;17;17;96;70
35;150;92;12;10;81;51
35;154;82;10;9;82;45
35;181;75;6;7;93;41
35;169;89;11;11;90;50
35;192;78;12;10;102;44
35;191;95;11;10;101;52
35;195;116;14;12;104;64
35;207;139;20;13;113;76
35;212;75;8;6;110;40
35;211;86;9;9;110;47
35;211;98;12;9;111;53
35;220;110;12;11;116;60
35;230;122;12;13;121;67
35;234;136;19;11;126;73
35;245;146;18;13;131;79
35;274;145;20;16;147;80
35;247;117;18;14;132;65
35;239;107;14;6;126;56
35;235;97;11;9;123;53
35;228;87;12;10;120;48
35;228;69;12;9;120;39
36;227;69;11;8;119;38
36;227;80;12;7;119;43
36;230;91;10;6;120;48
36;233;98;14;9;123;53
36;240;108;14;9;127;58
36;247;116;15;13;131;64
36;277;144;18;14;147;79
36;235;173;22;21;128;97
36;287;194;30;20;158;107
36;192;168;26;16;109;92
36;151;183;10;16;80;99
36;151;147;18;20;84;83
36;143;115;15;18;79;66
36;150;91;11;12;80;51
36;154;80;10;9;82;44
36;166;73;8;6;87;39
36;192;75;12;13;102;44
36;182;73;10;9;96;41
36;170;89;12;11;91;50
36;166;109;15;12;90;60
36;176;124;17;14;96;69
36;193;114;17;12;105;63
36;207;139;15;11;111;75
36;243;145;19;14;131;79
36;234;133;18;11;126;72
36;227;121;14;10;120;65
36;217;109;15;11;116;60
36;210;95;13;10;111;52
36;214;75;7;7;110;41
36;211;87;9;6;110;46
36;191;95;10;11;100;53
37;150;179;12;19;81;99
37;150;148;17;17;83;82
37;144;113;15;16;79;64
37;150;92;12;8;81;50
37;155;82;9;9;82;45
37;166;72;8;8;87;40
37;170;91;11;9;90;50
37;168;109;13;9;90;59
37;174;122;19;15;96;68
37;191;167;21;16;106;91
37;206;138;20;15;113;76
37;231;173;20;15;125;94
37;241;145;22;11;131;78
37;284;191;33;20;158;105
37;299;165;19;21;159;93
37;275;142;18;17;146;79
37;235;133;16;11;125;72
37;227;121;13;9;120;65
37;245;115;18;15;131;65
37;219;110;12;10;115;60
37;193;113;15;12;104;62
37;191;96;12;7;101;51
37;211;97;14;9;112;53
37;234;97;12;9;123;53
37;239;107;13;7;126;57
37;229;89;14;8;121;48
37;212;87;10;8;111;47
37;226;81;13;8;119;44
37;227;68;10;10;118;39
37;214;74;6;8;110;41
37;193;75;10;13;101;44
37;180;74;10;7;95;40
38;164;72;9;7;86;39
38;156;81;10;9;83;45
38;151;90;12;10;81;50
38;143;112;15;17;79;64
38;149;146;18;20;83;83
38;150;179;12;17;81;98
38;187;162;25;16;106;89
38;175;121;18;17;96;69
38;168;107;13;10;90;58
38;172;88;9;12;90;50
38;182;74;8;6;95;40
38;192;75;13;13;102;44
38;190;94;12;10;101;52
38;193;113;13;9;103;61
38;207;134;19;16;113;75
38;214;75;6;5;110;40
38;211;85;11;8;111;46
38;209;94;13;12;111;53
38;217;109;13;10;115;59
38;227;121;16;11;121;66
38;233;133;17;9;125;71
38;242;145;17;11;129;78
38;229;169;22;19;125;94
38;272;144;22;13;147;78
38;298;165;21;19;159;92
38;281;189;32;19;156;104
38;246;119;15;11;130;65
38;239;107;16;8;127;57
38;228;69;12;9;120;39
38;227;80;9;9;118;44
38;230;91;9;6;119;48
38;233;98;13;9;123;53
39;226;79;8;9;117;44
39;228;89;11;8;119;48
39;232;97;14;9;123;53
39;239;107;15;8;127;57
39;243;117;16;10;129;63
39;275;142;16;16;145;79
39;297;162;23;21;160;91
39;280;188;31;18;155;103
39;231;167;20;17;125;92
39;193;164;16;13;104;88
39;153;175;8;16;80;95
39;148;147;20;15;84;81
39;143;111;16;16;79;63
39;152;89;9;9;80;49
39;156;80;10;9;83;44
39;166;71;8;8;87;39
39;184;72;6;8;95;40
39;170;88;12;8;91;48
39;170;104;12;12;91;58
39;176;121;15;15;95;68
39;193;113;15;10;104;61
39;204;134;19;13;111;73
39;191;94;10;9;100;51
39;194;76;8;10;101;43
39;209;85;11;8;110;46
39;215;74;6;6;110;40
39;210;95;12;9;111;52
39;218;109;12;11;115;60
39;225;121;15;9;120;65
39;234;132;18;8;126;70
39;240;143;19;11;129;77
40;278;185;30;18;154;101
40;296;159;28;27;162;93
40;272;142;20;13;146;77
40;241;142;18;14;129;78
40;227;165;22;19;124;92
40;187;157;24;19;105;88
40;204;134;17;13;110;73
40;234;131;20;10;127;70
40;245;117;18;11;131;64
40;224;118;16;12;120;65
40;173;119;19;15;96;67
40;147;144;18;18;82;81
40;149;171;11;20;80;95
40;143;109;15;18;79;63
40;167;102;12;12;89;57
40;194;110;13;14;103;62
40;151;89;10;9;80;49
40;155;81;10;7;82;44
40;166;73;7;6;86;39
40;182;74;10;7;96;40
40;172;86;10;11;91;48
40;191;93;11;11;101;52
40;194;74;10;13;102;43
40;213;73;8;5;110;39
40;211;86;8;8;109;47
40;210;94;10;11;110;52
40;217;110;13;7;115;58
40;225;79;12;9;118;44
40;228;90;10;5;119;47
40;231;98;16;8;123;53
40;237;107;15;8;126;57
41;297;159;27;22;162;90
41;274;183;33;19;153;101
41;271;141;20;16;145;78
41;238;142;22;13;130;77
41;227;165;22;16;124;90
41;185;157;25;17;105;87
41;154;142;14;19;84;80
41;151;170;10;17;80;93
41;143;111;14;13;78;62
41;152;91;10;6;81;48
41;156;78;11;11;83;44
41;171;85;10;12;90;48
41;169;103;12;12;90;57
41;174;120;14;10;94;65
41;203;134;18;12;110;73
41;192;110;15;10;103;60
41;189;94;13;8;101;51
41;191;74;13;12;102;43
41;210;82;10;10;110;46
41;209;93;12;10;110;51
41;217;107;13;12;115;59
41;225;121;12;8;118;64
41;231;132;23;10;127;71
41;243;115;18;14;130;64
41;227;79;11;6;119;42
41;227;88;15;8;121;48
41;232;97;12;8;122;52
41;239;107;16;9;127;58
42;226;80;11;7;118;43
42;214;72;8;8;111;40
42;193;75;9;9;101;42
42;167;72;9;7;88;39
42;156;80;11;7;83;43
42;150;88;11;8;80;48
42;143;109;13;15;78;62
42;146;140;19;19;82;79
42;150;170;6;15;78;92
42;187;155;20;15;103;85
42;175;117;15;13;95;65
42;172;104;10;11;91;57
42;172;85;7;9;89;47
42;191;91;10;11;100;51
42;192;110;15;11;103;60
42;202;133;20;14;111;73
42;225;165;20;15;122;90
42;272;182;34;19;153;100
42;239;141;19;13;129;77
42;233;129;15;9;124;69
42;223;119;16;10;119;64
42;217;107;14;11;115;59
42;208;92;14;12;111;52
42;209;83;11;9;110;46
42;228;87;12;8;120;47
42;234;95;10;8;122;51
42;240;105;14;9;127;57
42;246;117;13;10;129;63
42;270;141;18;11;144;76
42;297;160;23;21;160;90
43;291;162;33;20;162;91
43;272;141;17;14;144;77
43;245;116;15;11;130;63
43;238;106;14;9;126;57
43;232;95;14;10;123;52
43;229;89;8;6;118;47
43;227;78;11;8;119;43
43;214;72;6;6;110;39
43;208;83;11;8;109;45
43;205;94;15;10;110;52
43;217;106;13;11;115;58
43;224;119;14;11;119;65
43;232;130;18;10;125;70
43;236;140;20;12;128;76
43;274;185;27;18;150;101
43;223;162;25;18;124;90
43;202;132;17;11;109;71
43;194;108;11;13;102;60
43;192;92;8;10;100;51
43;193;74;10;11;101;42
43;166;71;9;9;87;40
43;157;77;9;10;83;43
43;153;88;8;8;80;48
43;144;106;14;18;79;62
43;149;138;16;18;82;78
43;150;166;9;19;79;92
43;185;152;23;15;104;83
43;173;116;17;13;95;64
43;168;101;14;13;91;57
43;172;86;11;12;91;49
44;149;137;17;19;83;78
44;150;165;8;16;79;90
44;144;107;13;14;78;60
44;152;87;10;8;81;47
44;158;78;8;10;83;44
44;172;84;10;11;91;47
44;169;102;11;11;90;56
44;172;116;17;11;94;63
44;185;151;19;16;102;83
44;220;162;24;15;122;88
44;271;178;29;15;150;96
44;292;159;31;26;161;92
44;271;140;20;14;145;77
44;237;139;18;13;127;76
44;200;128;20;14;110;71
44;192;109;14;9;103;59
44;189;91;12;11;100;51
44;193;74;11;12;102;43
44;166;70;8;7;87;38
44;215;72;8;8;111;40
44;210;84;10;8;110;46
44;210;94;12;10;111;52
44;216;108;12;8;114;58
44;224;119;16;7;120;63
44;233;129;13;7;123;68
44;247;114;13;14;130;64
44;237;107;14;9;125;58
44;231;95;14;11;122;53
44;226;86;13;10;119;48
45;225;79;9;8;117;43
45;229;88;10;8;119;48
45;232;95;13;10;122;52
45;239;106;15;9;127;57
45;243;116;14;11;128;63
45;270;136;17;17;143;76
45;292;155;32;28;162;91
45;269;174;28;17;148;95
45;223;159;28;20;125;89
45;147;165;12;13;79;89
45;184;150;20;15;102;82
45;148;136;16;17;82;76
45;201;130;18;13;109;71
45;238;140;18;14;128;77
45;231;130;15;8;123;69
45;222;117;16;10;119;63
45;216;106;11;10;113;58
45;191;109;17;9;104;59
45;173;112;15;15;94;63
45;169;100;11;10;90;55
45;143;108;15;12;79;60
45;153;87;10;7;81;47
45;158;77;9;8;83;42
45;173;85;10;9;91;47
45;191;91;10;8;100;49
45;210;93;11;9;110;51
45;193;73;10;11;101;42
45;210;84;10;7;110;45
46;158;197;58;22;108;109
46;264;175;31;18;147;96
46;291;158;30;25;160;91
46;269;139;20;14;144;76
46;236;139;20;15;128;77
46;220;157;21;18;120;87
46;182;150;21;13;101;81
46;147;161;13;12;80;86
46;146;134;17;20;81;77
46;144;105;15;17;79;61
46;154;86;9;11;81;48
46;159;76;10;11;84;43
46;173;83;10;12;91;47
46;171;100;11;10;91;55
46;173;113;16;13;94;63
46;199;127;17;14;108;70
46;230;129;19;10;124;69
46;222;116;15;11;118;63
46;244;116;18;13;131;64
46;216;106;14;9;115;57
46;191;106;15;12;103;59
46;191;90;12;9;101;49
46;194;73;9;12;101;42
46;214;72;6;6;110;39
46;226;77;11;8;118;42
46;229;86;10;8;119;47
46;233;96;11;10;122;53
46;240;105;15;12;127;58
46;210;92;11;8;110;50
46;210;82;11;8;110;45
47;147;161;10;16;78;88
47;181;146;20;17;100;81
47;220;155;22;17;121;86
47;265;174;29;17;147;95
47;290;157;28;22;159;89
47;269;140;19;13;144;76
47;236;139;20;12;128;75
47;200;127;16;12;108;69
47;145;134;23;16;84;75
47;142;105;14;15;78;60
47;153;85;10;8;81;46
47;159;77;10;7;84;42
47;175;83;9;11;92;47
47;170;98;12;10;91;54
47;173;112;13;14;93;63
47;192;106;13;10;102;58
47;192;91;10;7;101;49
47;193;73;10;10;101;41
47;210;82;9;7;109;44
47;208;91;14;10;111;50
47;216;105;12;11;114;58
47;224;117;15;10;119;63
47;230;130;17;8;123;69
47;243;115;15;12;129;63
47;239;106;13;7;126;56
47;232;95;13;8;122;51
47;226;88;12;6;119;47
47;225;78;13;8;119;43
48;226;78;10;6;118;42
48;228;86;9;8;118;47
48;230;94;13;9;121;51
48;239;104;15;9;127;56
48;241;116;17;11;129;63
48;269;138;21;13;145;75
48;290;157;27;23;158;90
48;264;170;26;17;145;93
48;218;153;19;15;118;84
48;236;138;17;12;126;75
48;229;127;17;10;123;68
48;221;117;15;8;118;62
48;216;104;12;11;114;57
48;210;91;12;11;111;51
48;210;83;10;6;110;44
48;194;74;9;11;101;42
48;172;85;10;10;91;47
48;170;99;11;8;90;53
48;174;111;14;13;94;62
48;190;107;16;9;103;58
48;202;124;12;12;107;68
48;180;142;19;15;99;78
48;146;132;18;16;82;74
48;147;153;10;19;78;86
48;142;105;16;14;79;59
48;153;85;12;9;82;47
48;160;75;9;10;84;42
48;189;91;13;9;101;50
49;161;188;40;24;100;106
49;261;171;30;14;145;92
49;290;154;26;25;158;89
49;267;141;21;10;144;75
49;236;136;18;13;127;74
49;214;152;24;16;119;84
49;180;144;19;13;99;78
49;147;130;17;17;82;73
49;146;154;11;16;78;85
49;142;103;16;17;79;60
49;153;83;10;12;81;47
49;158;76;10;9;84;42
49;172;83;12;10;92;46
49;169;98;14;8;91;53
49;173;110;14;13;93;61
49;191;106;14;9;102;57
49;198;123;15;13;106;68
49;230;126;17;11;123;68
49;221;118;15;9;118;63
49;239;114;24;13;131;63
49;216;106;12;11;114;58
49;235;104;14;7;124;55
49;232;95;13;8;122;51
49;228;85;11;9;119;47
49;227;75;9;9;118;42
49;208;82;11;7;109;44
49;208;89;16;13;112;51
49;190;90;11;8;100;49
49;191;72;13;10;102;41
50;157;185;52;35;104;110
50;262;170;28;13;145;91
50;288;156;29;20;158;88
50;268;139;19;13;143;76
50;236;138;18;8;127;73
50;215;151;19;16;117;83
50;178;142;21;13;99;77
50;144;153;13;15;78;84
50;146;131;18;14;82;72
50;143;103;14;12;78;57
50;172;108;16;15;94;61
50;198;122;17;14;107;68
50;228;126;20;10;124;68
50;223;115;15;11;119;63
50;214;103;15;12;114;57
50;245;113;12;13;128;63
50;236;104;13;9;124;56
50;231;94;11;8;121;51
50;228;85;11;7;119;46
50;195;72;11;10;103;41
50;189;89;12;9;100;49
50;192;104;14;9;103;56
50;171;96;12;10;91;53
50;173;82;10;10;91;46
50;154;83;11;9;82;46
50;210;93;12;7;111;50
50;208;83;11;7;109;45
50;227;75;11;10;119;42
51;157;183;44;35;100;109
51;214;150;22;17;118;83
51;234;135;18;12;126;73
51;260;168;27;15;143;91
51;288;154;31;28;159;91
51;265;138;22;12;143;75
51;228;128;20;7;124;67
51;198;122;16;13;107;67
51;178;139;18;15;98;77
51;146;153;10;16;78;84
51;144;127;20;17;82;72
51;143;101;14;16;78;58
51;155;83;9;11;82;47
51;159;72;13;11;86;41
51;174;81;7;12;90;46
51;169;94;11;11;90;52
51;174;109;16;14;95;61
51;191;104;14;9;102;56
51;191;88;10;8;100;48
51;195;72;12;8;103;40
51;214;72;8;5;111;38
51;210;81;10;7;110;44
51;208;89;13;13;110;51
51;215;104;11;7;113;55
51;224;114;16;14;120;64
51;241;111;17;16;129;63
51;230;92;11;9;120;50
51;237;102;8;10;122;56
51;225;77;13;7;119;42
52;158;182;43;39;100;110
52;212;148;23;16;117;82
52;259;164;24;17;141;90
52;284;154;29;22;156;88
52;267;137;18;14;142;75
52;235;135;16;12;125;73
52;230;124;15;11;122;67
52;198;121;16;14;107;67
52;179;136;18;12;98;74
52;146;127;15;16;80;71
52;144;151;11;16;77;83
52;144;101;14;12;79;56
52;173;107;15;14;94;60
52;192;103;12;10;102;56
52;215;104;10;8;112;56
52;237;104;17;13;127;58
52;242;114;16;11;129;62
52;221;114;14;10;117;62
52;210;89;10;11;110;50
52;230;93;14;10;122;51
52;227;84;12;8;119;46
52;227;74;9;8;118;41
52;195;72;10;10;102;41
52;190;87;10;9;100;48
52;170;95;11;11;90;53
52;173;78;12;11;92;44
52;156;83;12;7;84;45
