2;249;187;31;41;264;207
2;207;185;24;33;219;201
2;147;154;30;37;162;172
2;140;111;20;20;150;121
3;248;187;29;38;262;206
3;203;176;34;44;220;198
3;143;154;23;38;154;173
3;209;46;34;21;226;56
4;176;227;31;12;191;233
4;239;182;31;41;254;202
4;287;180;24;34;299;197
4;194;180;38;40;213;200
4;262;154;20;21;272;164
4;142;148;33;44;158;170
5;175;215;22;24;186;227
5;245;181;18;29;254;195
5;284;178;25;33;296;194
5;200;170;33;44;216;192
5;131;152;42;38;152;171
5;136;94;24;46;148;117
5;189;46;40;42;209;67
6;175;218;25;21;187;228
6;238;177;28;37;252;195
6;280;176;22;32;291;192
6;194;169;36;42;212;190
6;141;154;28;34;155;171
6;27;92;41;23;47;103
6;177;47;34;18;194;56
6;232;35;27;30;245;50
7;241;178;26;25;254;190
7;279;176;32;31;295;191
7;190;164;38;45;209;186
7;142;144;28;38;156;163
7;23;89;31;23;38;100
7;147;76;21;24;157;88
7;204;48;29;17;218;56
8;172;209;24;23;184;220
8;234;181;32;24;250;193
8;191;165;35;41;208;185
8;257;162;46;46;280;185
8;142;150;25;31;154;165
8;172;138;19;23;181;149
8;16;93;32;20;32;103
9;229;183;28;27;243;196
9;275;169;24;25;287;181
9;185;163;42;44;206;185
9;140;154;29;25;154;166
9;171;133;23;27;182;146
9;12;88;40;25;32;100
10;150;227;52;12;176;233
10;168;204;24;23;180;215
10;228;165;64;39;260;184
10;140;155;29;23;154;166
10;192;148;32;52;208;174
10;142;89;21;34;152;106
10;10;89;33;24;26;101
10;208;46;36;21;226;56
11;135;216;61;23;165;227
11;228;170;29;36;242;188
11;274;166;20;28;284;180
11;140;129;48;50;164;154
11;177;63;23;25;188;75
12;147;196;46;43;170;217
12;228;165;31;36;243;183
12;187;154;35;41;204;174
12;139;137;27;38;152;156
12;140;101;23;22;151;112
12;4;93;31;23;19;104
12;159;64;19;30;168;79
12;191;50;19;35;200;67
13;168;196;23;27;179;209
13;230;167;22;31;241;182
13;188;160;21;34;198;177
13;167;128;22;25;178;140
13;141;100;20;21;151;110
13;1;93;25;24;13;105
13;172;65;20;22;182;76
13;221;48;22;18;232;57
14;150;216;25;21;162;226
14;226;162;26;33;239;178
14;187;157;25;33;199;173
14;141;139;19;30;150;154
14;35;93;25;23;47;104
14;1;92;27;27;14;105
14;145;83;19;21;154;93
14;189;48;33;37;205;66
15;222;225;39;14;241;232
15;273;216;38;19;292;225
15;144;198;36;33;162;214
15;223;167;20;27;233;180
15;188;152;20;28;198;166
15;169;126;19;20;178;136
15;1;93;23;28;12;107
15;161;43;35;45;178;65
16;228;216;32;23;244;227
16;264;210;41;23;284;221
16;153;196;31;30;168;211
16;266;158;19;27;275;171
16;223;156;27;35;236;173
16;183;152;27;32;196;168
16;1;93;17;28;9;107
16;33;92;23;23;44;103
16;187;63;19;22;196;74
17;207;213;54;26;234;226
17;274;206;30;33;289;222
17;154;185;29;36;168;203
17;184;156;26;24;197;168
17;222;155;25;35;234;172
17;142;129;22;21;153;139
17;1;94;27;29;14;108
17;142;78;19;25;151;90
17;166;45;83;51;207;70
18;225;207;38;32;244;223
18;267;206;24;22;279;217
18;160;180;30;39;175;199
18;219;158;26;32;232;174
18;181;130;42;50;202;155
18;138;120;50;41;163;140
18;1;104;26;25;14;116
18;28;95;20;20;38;105
18;141;81;26;25;154;93
19;263;205;27;22;276;216
19;221;201;24;38;233;220
19;160;179;20;23;170;190
19;218;159;24;28;230;173
19;182;146;26;30;195;161
19;168;59;23;20;179;69
19;206;48;36;27;224;61
20;207;201;50;38;232;220
20;253;200;36;25;271;212
20;222;150;22;26;233;163
20;179;142;24;31;191;157
20;138;121;48;45;162;143
20;188;102;20;20;198;112
20;1;92;21;38;11;111
20;208;68;18;22;217;79
20;176;47;33;33;192;63
21;200;201;48;38;224;220
21;263;197;27;23;276;208
21;133;191;27;20;146;201
21;216;156;29;27;230;169
21;165;120;18;20;174;130
21;1;107;15;25;8;119
21;139;106;19;36;148;124
21;187;101;19;19;196;110
21;177;54;35;28;194;68
21;211;46;30;23;226;57
22;216;197;28;34;230;214
22;263;194;23;23;274;205
22;142;178;19;29;151;192
22;157;171;20;19;167;180
22;164;115;17;24;172;127
22;1;108;29;26;15;121
22;140;84;27;34;153;101
22;165;44;68;43;199;65
23;150;227;33;12;166;233
23;245;192;47;32;268;208
23;213;191;34;41;230;211
23;156;167;20;21;166;177
23;177;141;20;24;187;153
23;136;123;22;36;147;141
23;40;93;22;20;51;103
24;243;214;21;20;253;224
24;253;190;35;31;270;205
24;211;189;28;50;225;214
24;155;165;22;20;166;175
24;215;143;27;29;228;157
24;4;103;29;32;18;119
24;36;89;21;25;46;101
24;161;44;57;51;189;69
25;243;189;34;43;260;210
25;195;187;46;44;218;209
25;1;100;30;35;16;117
25;170;52;57;47;198;75
26;149;222;21;17;159;230
26;237;209;30;19;252;218
26;253;184;25;23;265;195
26;203;181;24;46;215;204
26;153;161;22;20;164;171
26;170;130;30;30;185;145
26;137;123;20;29;147;137
26;1;99;28;36;15;117
26;142;88;20;25;152;100
26;40;80;23;21;51;90
26;190;44;50;38;215;63
27;147;213;31;25;162;225
27;235;208;24;17;247;216
27;241;181;35;31;258;196
27;200;181;34;44;217;203
27;145;159;26;36;158;177
27;211;146;21;24;221;158
27;137;118;27;30;150;133
27;1;115;18;25;10;127
28;146;210;19;22;155;221
28;299;201;20;38;309;220
28;196;191;35;28;213;205
28;238;182;32;20;254;192
28;154;157;21;20;164;167
28;137;116;25;34;149;133
28;1;110;17;36;9;128
28;184;96;20;20;194;106
28;36;83;22;21;47;93
28;168;51;67;42;201;72
29;144;202;21;28;154;216
29;298;201;21;38;308;220
29;247;179;22;21;258;189
29;196;173;33;43;212;194
29;133;154;42;38;154;173
29;1;105;19;22;10;116
29;137;102;27;47;150;125
29;190;62;22;26;201;75
30;305;198;14;41;312;218
30;247;175;27;29;260;189
30;188;170;49;43;212;191
30;153;151;21;22;163;162
30;209;142;23;24;220;154
30;139;114;17;28;147;128
30;1;105;14;23;8;116
30;28;82;32;28;44;96
30;177;54;41;29;197;68
31;291;190;28;25;305;202
31;243;173;23;27;254;186
31;195;172;31;37;210;190
31;142;170;22;34;153;187
31;148;147;20;18;158;156
31;205;144;31;25;220;156
31;175;128;18;20;184;138
31;31;83;25;26;43;96
31;186;53;25;31;198;68
32;146;200;18;22;155;211
32;297;193;22;41;308;213
32;242;172;19;20;251;182
32;136;167;24;16;148;175
32;192;161;31;46;207;184
32;137;112;19;24;146;124
32;29;86;28;22;43;97
32;199;57;23;25;210;69
33;299;212;20;18;309;221
33;145;198;18;20;154;208
33;297;188;22;22;308;199
33;240;170;21;20;250;180
33;194;146;34;58;211;175
33;154;144;18;24;163;156
33;173;121;22;31;184;136
33;19;82;40;26;39;95
33;132;77;36;68;150;111
33;171;49;65;32;203;65
34;144;196;27;26;157;209
34;286;188;33;38;302;207
34;238;168;21;25;248;180
34;192;163;28;38;206;182
34;150;144;20;20;160;154
34;138;107;23;23;149;118
34;1;106;21;19;11;115
35;296;207;18;21;305;217
35;143;193;22;21;154;203
35;288;186;24;19;300;195
35;236;167;23;24;247;179
35;190;159;29;27;204;172
35;37;89;23;25;48;101
35;158;47;67;34;191;64
36;172;226;40;13;192;232
36;142;191;19;20;151;201
36;291;174;28;41;305;194
36;194;157;23;27;205;170
36;5;101;28;23;19;112
36;176;54;30;21;191;64
37;283;180;26;42;296;201
37;187;163;21;31;197;178
37;172;115;20;23;182;126
37;1;100;30;28;16;114
37;161;58;32;31;177;73
37;200;49;30;21;215;59
38;192;217;27;22;205;228
38;141;185;18;20;150;195
38;282;178;30;21;297;188
38;233;161;18;18;242;170
38;187;142;35;49;204;166
38;183;85;21;25;193;97
38;1;85;44;46;23;108
38;137;80;35;45;154;102
39;166;212;41;27;186;225
39;281;177;30;19;296;186
39;219;159;30;36;234;177
39;182;135;47;51;205;160
39;137;103;23;29;148;117
39;5;93;38;20;24;103
39;186;52;39;28;205;66
40;140;179;22;22;151;190
40;280;175;26;18;293;184
40;1;87;35;44;18;109
40;138;85;26;45;151;107
40;191;42;34;32;208;58
41;200;224;28;15;214;231
41;170;222;27;17;183;230
41;139;179;20;21;149;189
41;176;139;76;48;214;163
41;137;101;23;31;148;116
41;1;91;33;33;17;107
41;164;44;76;43;202;65
42;171;203;52;36;197;221
42;140;178;21;19;150;187
42;280;172;22;20;291;182
42;1;95;29;22;15;106
43;138;173;22;20;149;183
43;1;99;29;23;15;110
43;137;87;20;32;147;103
43;206;49;19;23;215;60
44;196;212;24;27;208;225
44;170;201;23;34;181;218
44;138;173;20;19;148;182
44;137;102;21;23;147;113
44;1;93;58;32;30;109
44;193;47;26;21;206;57
45;167;207;38;32;186;223
45;139;171;19;18;148;180
45;206;165;30;24;221;177
45;179;146;23;23;190;157
45;144;130;19;21;153;140
45;137;102;19;21;146;112
45;1;101;26;25;14;113
45;22;85;33;24;38;97
45;169;84;35;41;186;104
45;185;61;27;18;198;70
46;190;217;24;20;202;227
46;185;117;32;38;201;136
46;1;102;25;23;13;113
46;165;92;23;37;176;110
46;148;78;20;19;158;87
46;199;46;36;40;217;66
47;168;199;21;30;178;214
47;263;162;30;22;278;173
47;210;143;39;41;229;163
47;135;132;30;53;150;158
47;173;125;38;46;192;148
47;137;95;24;31;149;110
47;1;94;17;24;9;106
47;29;91;20;21;39;101
47;191;53;33;30;207;68
48;148;215;50;24;173;227
48;169;194;19;22;178;205
48;1;95;21;35;11;112
48;136;77;31;52;151;103
48;202;49;39;20;221;59
49;161;213;35;26;178;226
49;163;193;19;19;172;202
49;177;120;36;39;195;139
49;1;92;12;40;7;112
49;147;69;33;46;163;92
49;191;49;19;27;200;62
50;152;209;24;30;164;224
50;168;188;20;20;178;198
50;205;46;36;26;223;59
51;89;215;20;23;99;226
51;128;186;76;53;166;212
51;138;97;19;20;147;107
51;1;95;16;40;9;115
51;151;77;39;21;170;87
51;188;49;32;32;204;65
52;137;158;18;19;146;167
52;138;81;22;42;149;102
52;169;46;58;38;198;65
