2;184;157;73;51;220;182
2;270;137;34;38;287;156
2;174;114;20;20;184;124
2;1;109;16;20;9;119
2;158;61;20;28;168;75
2;191;51;33;23;207;62
3;180;150;70;49;215;174
3;262;134;39;36;281;152
4;206;209;52;30;232;224
4;176;147;69;45;210;169
4;256;131;35;33;273;147
4;171;109;23;22;182;120
4;1;108;16;22;9;119
4;213;106;26;24;226;118
4;12;92;21;19;22;101
4;39;87;21;22;49;98
5;177;218;20;21;187;228
5;201;215;20;20;211;225
5;205;202;44;25;227;214
5;171;144;53;39;197;163
5;261;138;25;21;273;148
5;163;122;19;21;172;132
5;209;100;30;30;224;115
5;37;89;18;19;46;98
6;216;139;25;18;228;148
6;258;123;27;32;271;139
6;165;102;53;77;191;140
6;7;94;22;20;18;104
7;168;193;18;21;177;203
7;167;134;51;39;192;153
7;251;119;29;30;265;134
7;164;103;25;31;176;118
7;209;95;26;27;222;108
7;1;91;25;21;13;101
8;177;190;43;33;198;206
8;205;178;36;42;223;199
8;168;126;60;38;198;145
8;257;115;19;20;266;125
8;179;44;80;32;219;60
9;204;186;30;24;219;198
9;200;168;19;20;209;178
9;164;137;32;23;180;148
9;245;111;23;17;256;119
9;162;94;27;35;175;111
10;181;158;46;48;204;182
10;165;116;59;41;194;136
10;246;110;24;32;258;126
10;166;99;21;26;176;112
10;1;97;19;20;10;107
10;21;81;25;31;33;96
11;177;158;39;41;196;178
11;196;122;34;24;213;134
11;166;118;29;34;180;135
11;245;108;19;30;254;123
11;17;92;21;21;27;102
11;39;76;25;29;51;90
12;174;158;48;31;198;173
12;178;116;17;20;186;126
12;236;106;25;31;248;121
12;12;85;44;33;34;101
13;165;125;63;56;196;153
13;190;118;32;23;206;129
13;240;102;21;22;250;113
13;8;86;44;31;30;101
14;164;117;25;22;176;128
14;192;115;23;21;203;125
14;234;98;23;33;245;114
14;5;97;21;22;15;108
14;40;86;23;23;51;97
15;163;106;44;63;185;137
15;1;100;22;21;12;110
15;25;83;31;25;40;95
15;205;82;22;24;216;94
15;174;42;84;36;216;60
16;289;196;30;43;304;217
16;167;142;26;22;180;153
16;162;111;26;26;175;124
16;196;108;21;22;206;119
16;1;94;24;27;13;107
16;38;89;19;20;47;99
17;289;214;30;25;304;226
17;1;96;20;26;11;109
17;18;89;35;21;35;99
18;281;203;38;27;300;216
18;162;98;14;31;169;113
18;1;86;54;36;28;104
18;183;47;37;24;201;59
18;226;44;29;23;240;55
19;274;184;45;35;296;201
19;268;174;23;31;279;189
19;167;122;29;32;181;138
19;162;104;18;27;171;117
19;1;80;45;46;23;103
20;265;184;50;28;290;198
20;162;92;19;27;171;105
20;1;85;36;30;19;100
20;181;39;100;37;231;57
21;261;174;48;32;285;190
21;189;96;23;21;200;106
21;1;94;23;23;12;105
21;179;42;80;37;219;60
22;273;208;43;31;294;223
22;256;172;46;26;279;185
22;1;86;30;43;16;107
23;263;199;47;40;286;219
23;252;164;41;29;272;178
23;1;87;28;48;15;111
23;162;86;31;52;177;112
23;184;43;76;35;222;60
24;248;170;51;63;273;201
24;1;91;32;48;17;115
24;161;84;41;40;181;104
25;244;183;47;44;267;205
25;4;81;22;25;15;93
26;233;177;45;41;255;197
26;234;151;39;24;253;163
26;166;97;25;23;178;108
26;1;96;25;49;13;120
26;191;41;68;47;225;64
27;234;177;39;31;253;192
27;162;106;20;20;172;116
27;1;85;26;51;14;110
27;223;79;19;19;232;88
28;238;172;30;33;253;188
28;1;91;21;32;11;107
28;33;79;27;16;46;87
29;225;157;38;40;244;177
29;174;61;19;23;183;72
29;196;37;73;32;232;53
30;223;125;28;64;237;157
30;1;99;15;23;8;110
30;191;38;72;46;227;61
31;304;206;15;33;311;222
31;221;159;21;25;231;171
31;220;120;35;37;237;138
31;226;37;45;28;248;51
32;214;138;33;39;230;157
32;197;45;61;41;227;65
33;207;143;37;31;225;158
33;217;112;21;26;227;125
33;223;67;21;21;233;77
34;282;175;32;25;298;187
34;210;146;23;22;221;157
35;284;167;22;24;295;179
35;202;134;39;29;221;148
35;40;82;24;27;52;95
36;205;126;30;36;220;144
36;6;101;22;24;17;113
36;40;80;25;27;52;93
36;168;61;35;41;185;81
36;202;41;75;38;239;60
37;207;119;30;25;222;131
37;4;103;23;25;15;115
37;40;82;22;23;51;93
37;167;77;21;25;177;89
37;182;41;99;39;231;60
38;267;151;20;21;277;161
38;200;116;38;37;219;134
38;1;106;17;24;9;118
39;197;129;23;20;208;139
39;214;109;21;23;224;120
39;1;107;18;24;10;119
39;29;78;28;33;43;94
39;171;49;64;41;203;69
39;242;44;26;19;255;53
40;192;114;32;31;208;129
40;183;61;29;20;197;71
40;210;43;59;33;239;59
41;186;111;33;31;202;126
41;21;92;23;21;32;102
42;244;150;25;25;256;162
42;190;110;25;29;202;124
42;15;83;27;33;28;99
43;204;204;57;35;232;221
43;230;131;31;36;245;149
43;187;103;28;32;201;119
43;12;91;27;26;25;104
43;171;42;98;42;220;63
44;198;197;62;42;229;218
44;189;101;26;29;202;115
44;1;89;43;41;22;109
44;45;76;20;19;55;85
44;169;64;20;22;179;75
44;196;41;77;36;234;59
45;195;188;57;44;223;210
45;181;97;40;31;201;112
45;1;83;35;48;18;107
45;42;76;20;18;52;85
46;190;181;54;42;217;202
46;229;122;25;28;241;136
46;1;88;40;48;21;112
46;190;58;23;22;201;69
46;211;44;58;23;240;55
47;185;179;53;40;211;199
47;223;127;26;25;236;139
47;40;94;20;20;50;104
47;1;92;33;28;17;106
48;182;180;50;30;207;195
48;223;114;24;32;235;130
48;36;95;20;19;46;104
48;1;90;29;54;15;117
49;193;177;33;27;209;190
49;221;111;23;34;232;128
49;1;94;13;50;7;119
49;41;91;22;20;52;101
49;11;85;20;27;21;98
49;176;40;79;42;215;61
49;257;33;20;22;267;44
50;178;154;41;40;198;174
50;1;88;20;25;11;100
50;181;86;24;31;193;101
50;28;79;26;36;41;97
51;176;161;17;22;184;172
51;215;113;23;23;226;124
51;4;87;19;26;13;100
51;203;45;41;26;223;58
51;254;37;22;19;265;46
52;180;148;40;41;200;168
52;212;99;29;35;226;116
52;1;92;20;25;11;104
52;182;85;22;29;193;99
