2;215;157;42;35;128;96;
2;189;113;29;34;109;73;
2;184;85;23;21;103;53;
2;33;82;23;22;28;52;
2;182;46;74;33;128;39;
3;218;153;30;36;124;94;
3;34;85;24;23;29;54;
3;171;48;67;59;119;53;
3;240;40;25;27;132;33;
4;277;225;42;14;159;119;
4;194;148;56;37;125;92;
4;189;113;27;29;108;71;
5;261;206;56;33;158;119;
5;205;144;43;35;124;89;
5;188;111;32;29;110;70;
5;28;85;25;23;26;54;
6;262;202;57;37;159;119;
6;207;138;37;42;122;90;
6;185;106;29;30;107;68;
6;26;89;24;20;25;54;
7;200;141;29;27;114;84;
7;184;112;27;23;105;67;
7;22;87;21;19;21;53;
8;237;191;70;48;153;119;
8;196;134;38;31;117;82;
8;185;103;31;28;108;65;
8;17;91;29;20;23;55;
9;208;191;25;24;116;107;
9;195;128;49;37;122;82;
9;184;103;27;25;105;64;
9;14;89;24;24;19;56;
10;195;124;47;34;121;79;
10;9;89;27;26;18;57;
11;208;161;64;49;136;105;
11;190;121;35;52;112;86;
11;183;97;27;26;105;61;
11;7;91;24;24;15;57;
11;33;77;30;24;31;50;
12;222;161;46;49;134;105;
12;190;119;35;33;112;76;
12;222;41;49;21;135;31;
13;221;215;38;24;129;119;
13;217;155;45;39;131;97;
13;190;116;39;29;114;72;
13;188;95;24;23;106;59;
13;1;92;27;25;14;58;
13;36;85;30;27;33;56;
13;187;39;90;55;138;47;
14;201;204;62;35;131;119;
14;197;140;65;49;131;94;
14;182;95;39;49;110;72;
14;1;90;22;34;11;62;
14;33;84;34;30;33;57;
14;190;42;84;49;137;45;
15;205;142;45;46;125;94;
15;1;91;24;34;12;62;
15;32;87;26;27;29;57;
16;193;186;59;47;126;116;
16;306;173;13;46;159;109;
16;207;141;38;37;122;89;
16;27;85;36;31;31;58;
17;292;166;27;50;159;108;
17;1;100;16;30;8;65;
17;24;82;30;34;27;58;
18;296;164;23;38;159;101;
18;192;106;26;24;109;65;
18;181;42;91;69;136;55;
19;282;156;37;43;159;99;
19;179;112;35;20;107;66;
19;179;88;21;22;100;55;
19;18;88;28;24;23;56;
19;190;42;94;45;142;43;
20;180;220;28;19;104;119;
20;277;155;42;37;159;96;
20;191;128;43;70;117;99;
20;181;109;23;17;102;63;
20;18;82;25;22;21;52;
21;121;217;44;22;82;119;
21;166;214;33;25;99;119;
21;271;147;48;48;159;97;
21;188;126;43;65;115;95;
21;9;90;23;35;16;62;
21;38;77;25;21;31;49;
22;259;151;58;31;158;91;
22;186;128;45;58;115;93;
22;185;106;25;17;105;61;
22;17;100;19;26;18;63;
22;181;41;97;63;139;52;
23;268;143;35;35;151;89;
23;9;89;23;31;16;60;
23;190;49;43;36;116;42;
23;233;41;48;25;140;33;
24;266;139;35;37;150;88;
24;170;117;55;59;112;88;
24;1;88;33;47;17;67;
24;181;86;30;34;105;60;
25;263;135;30;30;146;82;
25;168;123;54;49;111;86;
25;1;101;27;36;14;68;
25;36;83;20;18;28;50;
26;127;167;59;45;93;106;
26;254;135;28;28;141;81;
26;1;92;32;46;16;69;
27;123;158;55;53;89;105;
27;253;129;37;30;145;79;
27;167;128;35;31;101;79;
27;1;106;21;36;11;71;
27;184;95;28;33;106;64;
27;183;44;83;50;133;47;
28;127;153;53;50;90;101;
28;249;124;33;32;141;78;
28;1;99;18;45;9;72;
28;29;87;27;16;28;51;
28;167;66;49;87;108;76;
28;206;42;83;32;144;37;
29;125;146;48;50;86;98;
29;249;122;43;38;146;80;
29;167;113;50;37;108;75;
29;1;97;13;41;7;69;
29;179;65;26;44;102;54;
29;206;32;66;39;136;35;
30;125;141;60;42;92;91;
30;246;124;37;25;141;74;
30;1;91;19;41;10;66;
30;20;89;32;19;26;54;
31;303;204;16;35;159;119;
31;137;136;33;33;85;84;
31;244;117;39;28;141;72;
31;20;78;33;31;26;54;
32;213;208;28;31;120;119;
32;287;192;32;47;159;119;
32;138;148;26;17;82;82;
32;176;106;35;19;105;62;
32;187;42;90;48;138;45;
33;274;169;45;65;159;117;
33;235;109;39;35;137;72;
33;208;40;76;33;142;36;
34;298;191;21;48;159;119;
34;267;166;52;64;159;115;
34;127;122;41;35;84;78;
34;13;90;28;21;20;55;
34;183;60;34;55;108;57;
34;215;36;73;33;144;34;
35;203;198;27;19;115;108;
35;127;135;29;17;78;76;
35;247;115;20;18;133;66;
35;11;91;25;23;18;57;
36;219;205;42;34;130;119;
36;199;190;34;23;116;106;
36;238;111;37;23;137;67;
36;8;91;24;24;16;57;
36;217;45;40;23;128;34;
36;258;39;31;30;144;34;
37;208;210;24;27;116;118;
37;235;208;44;25;139;116;
37;248;175;36;27;142;101;
37;232;116;24;17;128;66;
37;143;107;47;29;95;68;
37;2;90;26;24;14;57;
37;268;41;21;18;144;29;
38;208;182;21;23;114;102;
38;225;106;33;27;129;66;
38;1;91;25;26;13;58;
38;44;71;22;29;33;50;
38;217;39;67;29;142;34;
39;244;196;23;34;133;115;
39;1;94;21;24;11;59;
40;138;104;25;31;81;67;
40;232;101;21;23;126;62;
40;1;95;22;25;11;60;
40;185;60;27;48;106;54;
40;219;39;71;31;145;35;
41;222;200;18;26;120;113;
41;230;104;21;18;125;61;
41;138;92;44;41;91;66;
41;1;92;19;37;10;64;
41;31;78;35;24;33;51;
42;228;95;24;31;126;63;
42;36;76;30;27;33;51;
42;137;64;80;65;108;64;
42;223;38;65;31;144;34;
43;193;159;18;27;105;93;
43;135;98;30;41;82;69;
43;35;81;28;22;31;51;
43;167;41;114;71;140;56;
44;237;141;55;46;146;93;
44;234;121;36;20;135;70;
44;227;94;21;23;124;58;
44;131;94;33;30;82;62;
44;28;80;30;24;29;52;
44;183;60;36;44;109;52;
44;221;40;65;30;143;35;
45;173;145;25;17;99;81;
45;139;92;24;42;81;67;
45;32;79;34;36;33;57;
45;183;63;25;38;104;50;
45;208;37;80;36;144;36;
46;234;115;47;52;140;83;
46;221;98;21;18;121;58;
46;21;78;48;30;34;54;
46;139;61;76;57;107;59;
46;229;41;65;28;147;34;
47;225;109;52;62;138;85;
47;139;90;26;28;82;59;
47;23;76;39;40;31;58;
47;184;43;87;55;135;49;
47;273;37;18;22;145;29;
48;233;109;40;50;136;79;
48;139;87;24;26;81;56;
48;20;80;32;31;26;55;
49;223;106;52;53;137;79;
49;142;87;20;24;81;55;
49;17;81;27;27;22;54;
50;224;102;46;50;135;76;
50;131;85;36;27;83;56;
50;14;77;45;34;29;55;
50;170;35;118;62;144;48;
51;162;214;91;25;126;119;
51;225;107;44;49;134;78;
51;222;89;15;28;118;58;
51;10;89;31;25;20;57;
51;142;76;38;27;90;51;
51;185;57;36;37;110;47;
51;218;41;51;24;134;32;
52;213;89;49;67;131;78;
52;7;84;32;31;19;57;
52;142;80;35;25;88;52;
52;181;61;45;33;113;47;
52;222;39;71;28;146;33;
52;281;1;19;21;150;11;
