2;134;196;55;43;94;119;
2;193;174;35;38;114;106;
2;38;173;42;42;40;107;
2;1;165;19;36;10;100;
2;268;141;45;68;156;104;
2;176;133;25;33;100;83;
2;264;125;16;21;140;73;
2;232;125;21;31;126;78;
2;139;110;31;62;85;86;
2;165;95;21;32;93;63;
2;14;91;39;26;26;58;
2;303;88;16;35;159;61;
3;148;194;43;45;95;119;
3;194;180;30;27;112;103;
3;275;169;22;33;148;101;
3;141;148;29;28;85;88;
3;232;131;20;20;126;75;
3;13;89;21;27;17;58;
3;170;88;17;24;93;56;
3;169;61;29;19;99;40;
3;117;54;19;19;68;36;
3;203;46;40;22;121;34;
4;4;220;64;19;34;119;
4;136;194;53;42;94;118;
4;191;178;36;27;113;102;
4;263;167;36;36;149;101;
4;140;141;23;35;81;88;
4;175;133;22;28;98;80;
4;166;102;17;21;91;61;
4;8;100;22;20;15;60;
5;59;209;19;22;39;115;
5;304;204;15;35;159;119;
5;12;203;37;29;24;116;
5;262;182;24;28;143;105;
5;138;182;80;50;109;116;
5;27;83;38;29;32;56;
5;156;1;27;16;91;8;
6;148;185;42;43;95;114;
6;302;171;17;30;159;100;
6;188;169;37;33;112;101;
6;260;166;41;32;150;99;
6;273;134;29;34;151;84;
6;170;129;23;33;96;81;
6;229;123;20;25;124;74;
6;5;93;23;28;14;60;
6;165;86;20;31;92;58;
6;141;66;35;62;88;64;
6;179;40;90;43;134;41;
7;301;195;18;44;159;119;
7;147;185;39;40;93;112;
7;3;179;16;25;9;102;
7;188;165;30;34;109;99;
7;259;163;37;37;148;100;
7;300;162;19;31;159;96;
7;142;149;26;20;84;84;
7;1;92;26;37;13;64;
7;167;88;20;35;93;61;
7;142;82;23;37;82;59;
7;31;81;34;23;32;52;
7;239;62;19;21;129;41;
7;164;43;96;42;130;42;
8;297;196;22;29;159;112;
8;134;191;48;28;91;109;
8;190;171;22;22;106;96;
8;258;158;34;33;146;95;
8;141;133;24;35;82;84;
8;276;130;22;26;149;78;
8;170;128;24;29;97;78;
8;226;123;23;23;124;73;
8;15;99;33;17;24;58;
8;188;97;27;26;107;61;
9;288;187;31;52;159;119;
9;131;179;47;40;89;109;
9;189;170;24;23;106;96;
9;141;140;24;24;82;82;
9;1;97;35;28;18;62;
9;155;46;70;43;112;44;
10;288;188;31;48;159;118;
10;148;175;32;37;90;106;
10;182;167;32;26;107;96;
10;259;155;31;37;145;96;
10;299;153;20;32;159;92;
10;133;143;34;28;83;85;
10;172;125;21;32;96;78;
10;252;118;18;20;135;69;
10;1;95;38;29;19;62;
11;279;190;40;42;159;116;
11;145;174;23;35;84;104;
11;185;166;26;23;105;94;
11;258;150;29;37;143;93;
11;305;143;14;48;159;95;
11;224;120;19;19;121;69;
11;139;105;26;60;82;82;
11;1;95;33;35;17;65;
12;22;218;48;21;35;119;
12;64;209;21;19;42;114;
12;282;186;37;46;159;116;
12;140;167;37;37;88;102;
12;182;163;29;26;105;94;
12;245;150;33;38;139;94;
12;293;139;26;51;159;95;
12;173;122;19;25;96;73;
12;138;122;27;42;82;82;
12;223;115;19;23;121;69;
12;186;104;22;21;104;62;
12;1;91;33;32;17;61;
12;164;85;24;27;94;56;
12;211;45;54;24;132;34;
12;156;40;54;49;105;44;
13;281;186;38;48;159;117;
13;148;165;27;31;87;98;
13;296;155;23;38;159;96;
13;182;151;28;34;105;92;
13;255;149;22;26;138;87;
13;139;129;26;27;82;78;
13;1;97;33;30;17;63;
13;161;43;81;59;121;51;
14;275;179;44;60;159;119;
14;143;165;35;38;89;101;
14;291;153;28;32;159;92;
14;178;150;31;35;104;92;
14;250;146;28;34;139;90;
14;136;134;19;26;77;80;
14;172;120;16;23;94;71;
14;1;83;33;43;17;63;
14;140;74;43;40;91;57;
14;182;39;86;41;134;40;
15;269;176;50;58;159;117;
15;144;164;32;36;88;100;
15;180;152;25;30;102;91;
15;251;145;23;30;137;87;
15;139;135;24;27;81;81;
15;1;102;22;25;11;63;
16;156;227;52;12;104;119;
16;142;161;35;37;88;99;
16;264;156;55;83;159;119;
16;287;150;18;23;152;86;
16;178;145;28;34;103;89;
16;248;142;28;34;138;88;
16;138;132;27;21;82;76;
16;167;118;19;25;93;71;
16;1;100;21;30;11;65;
16;40;95;24;20;32;57;
17;165;222;40;17;102;119;
17;264;206;26;33;145;119;
17;146;157;23;35;84;96;
17;179;152;26;21;102;86;
17;247;143;19;29;133;86;
17;136;122;20;36;78;79;
17;167;116;22;24;94;70;
17;1;101;22;30;11;65;
17;37;91;20;24;28;57;
18;155;219;50;20;102;119;
18;60;204;22;23;41;113;
18;11;204;19;23;15;113;
18;265;171;41;59;153;115;
18;140;156;32;37;86;96;
18;176;150;27;20;101;85;
18;244;141;28;33;136;87;
18;138;131;26;23;82;77;
18;1;102;18;29;9;65;
18;31;93;22;22;26;57;
18;145;81;17;35;81;58;
18;167;67;23;42;95;54;
18;190;43;64;32;127;37;
19;156;206;50;33;103;119;
19;292;202;27;30;159;116;
19;14;202;24;25;19;113;
19;260;196;28;27;144;111;
19;271;169;28;27;149;98;
19;140;140;62;49;101;94;
19;139;117;20;30;79;73;
19;169;113;20;21;94;67;
19;35;87;29;27;32;57;
19;145;71;34;29;89;50;
19;201;44;68;35;134;39;
20;154;210;45;29;99;119;
20;254;164;65;70;159;117;
20;141;160;31;26;86;93;
20;174;143;26;26;100;84;
20;241;138;20;30;130;84;
20;140;127;23;19;81;73;
20;46;80;21;29;33;54;
20;144;62;56;52;100;57;
20;207;42;38;35;122;38;
21;154;205;46;34;100;119;
21;254;165;65;72;159;118;
21;141;149;24;33;82;91;
21;240;143;16;24;128;83;
21;174;142;26;24;100;83;
21;284;138;25;20;154;79;
21;139;100;20;43;79;71;
21;189;87;21;21;105;54;
21;152;45;98;51;125;48;
22;17;221;28;18;22;119;
22;298;202;21;29;159;115;
22;154;199;47;40;100;119;
22;229;135;29;32;129;83;
23;27;204;24;24;25;114;
23;148;201;52;38;100;119;
23;173;138;20;21;96;79;
23;166;61;33;30;99;45;
23;199;46;61;25;130;35;
24;136;193;61;46;98;119;
24;242;189;21;22;131;105;
24;286;188;33;40;159;114;
24;307;156;12;30;159;93;
24;261;156;38;36;149;96;
24;145;144;23;26;84;85;
24;236;132;17;29;126;80;
24;172;132;19;28;95;80;
24;138;104;24;37;81;70;
24;33;86;29;27;31;56;
24;154;57;50;58;102;57;
24;255;40;26;17;140;28;
24;194;38;61;46;127;42;
25;285;195;14;24;149;109;
25;151;190;45;49;98;119;
25;302;182;17;27;159;104;
25;259;156;35;32;147;94;
25;172;132;23;27;97;79;
25;34;85;32;29;33;57;
26;124;187;70;52;97;119;
26;252;156;34;32;143;94;
26;171;135;24;23;97;79;
26;143;110;18;23;80;66;
26;12;109;20;19;16;64;
26;162;87;20;33;91;60;
26;153;56;55;34;104;45;
26;139;46;23;21;81;33;
26;207;44;25;21;116;32;
27;131;187;59;52;95;119;
27;144;139;23;27;83;83;
27;171;130;23;26;97;78;
27;232;129;19;24;125;76;
27;11;106;25;24;18;65;
27;138;85;26;53;82;69;
27;17;75;47;40;32;57;
28;304;203;15;36;159;119;
28;125;184;62;55;93;119;
28;243;151;32;30;137;90;
28;142;140;21;28;81;84;
28;170;131;22;24;96;77;
28;138;110;22;27;80;68;
28;1;87;27;40;14;63;
28;27;77;20;36;23;56;
28;254;32;36;35;145;33;
29;301;205;18;22;159;113;
29;147;182;21;19;84;100;
29;251;150;27;29;139;89;
29;170;129;20;20;95;74;
29;270;109;20;27;145;68;
29;138;105;26;59;82;82;
29;158;82;25;35;91;58;
29;188;47;33;23;110;35;
29;225;35;41;28;133;31;
30;128;193;61;31;94;112;
30;298;182;21;57;159;119;
30;144;170;36;27;90;98;
30;253;147;29;34;141;90;
30;139;132;24;32;81;82;
30;169;125;22;27;95;76;
30;1;107;21;22;11;64;
30;142;75;37;51;89;63;
31;127;204;34;19;80;111;
31;143;171;28;26;85;98;
31;297;155;22;78;159;116;
31;249;146;32;30;140;88;
31;138;146;19;22;78;84;
31;1;108;20;22;10;65;
31;166;100;26;47;96;73;
31;211;93;19;27;115;60;
31;137;81;32;53;84;67;
31;14;80;22;27;18;53;
31;169;42;102;48;135;45;
32;283;159;36;80;159;119;
32;242;151;23;27;132;89;
32;141;130;18;32;79;81;
32;167;120;25;27;96;73;
32;149;78;20;23;84;50;
32;40;76;25;29;32;52;
32;209;49;20;21;114;35;
32;195;6;32;27;113;16;
33;165;226;42;13;103;119;
33;144;168;37;40;90;104;
33;292;158;27;38;159;98;
33;242;149;28;26;135;87;
33;170;120;19;26;94;73;
33;138;104;20;34;79;69;
33;208;99;19;21;113;60;
33;36;82;27;24;31;53;
34;222;225;39;14;130;119;
34;161;211;31;28;96;119;
34;251;207;26;19;138;113;
34;125;166;46;47;85;106;
34;277;154;42;76;159;115;
34;237;151;33;22;135;86;
34;139;103;25;49;82;76;
34;11;90;21;37;16;63;
34;37;77;32;33;34;55;
34;162;45;82;39;122;42;
35;159;218;44;21;101;119;
35;240;215;37;24;138;119;
35;281;182;38;45;159;113;
35;136;180;36;43;86;111;
35;284;155;35;19;159;87;
35;235;138;34;32;134;85;
35;223;121;18;22;120;71;
35;138;110;37;68;87;89;
35;1;90;30;42;15;66;
35;33;78;28;35;30;56;
36;235;216;31;23;133;119;
36;157;215;20;24;88;119;
36;181;211;18;28;99;119;
36;281;181;26;38;153;109;
36;140;175;37;32;88;103;
36;150;159;22;20;86;89;
36;248;149;21;39;134;94;
36;167;116;20;23;93;69;
36;139;108;23;40;81;74;
36;1;95;24;30;12;62;
36;30;84;28;30;29;57;
36;254;45;21;20;137;32;
37;176;218;26;21;101;119;
37;240;216;25;23;132;119;
37;134;147;44;61;89;104;
37;270;146;35;64;152;105;
37;221;121;21;21;121;71;
37;167;116;21;18;94;67;
37;139;100;21;51;80;75;
37;1;90;30;40;15;65;
37;26;78;39;37;32;57;
38;234;209;42;30;138;119;
38;158;202;41;37;99;119;
38;270;176;37;43;153;109;
38;134;159;40;47;87;103;
38;271;139;29;36;150;87;
38;168;114;19;23;93;68;
38;141;93;18;25;79;59;
38;28;81;31;33;29;57;
38;1;79;18;58;9;68;
38;155;46;90;48;122;47;
39;237;212;25;27;131;119;
39;161;211;41;28;101;119;
39;132;175;33;34;82;104;
39;148;151;19;22;83;86;
39;277;147;35;65;156;106;
39;233;141;26;19;129;80;
39;141;121;21;25;81;73;
39;166;116;21;22;93;69;
39;141;92;19;24;80;58;
39;23;79;32;36;27;57;
40;33;189;24;19;28;104;
40;135;174;58;53;96;113;
40;143;148;23;24;83;86;
40;256;144;51;84;153;114;
40;138;81;39;65;88;73;
40;1;77;66;57;33;67;
40;162;60;47;27;104;43;
41;296;209;23;30;159;119;
41;140;198;56;41;98;119;
41;237;159;63;80;150;119;
41;232;132;21;26;126;79;
41;138;129;36;63;87;96;
41;1;90;15;44;8;67;
41;186;84;20;24;103;54;
41;16;75;25;36;20;55;
41;156;42;89;48;122;45;
42;299;207;20;32;159;119;
42;212;200;59;39;135;119;
42;141;194;55;42;98;118;
42;267;157;29;48;148;102;
42;129;146;37;45;83;95;
42;138;110;21;24;79;67;
42;1;81;55;34;28;57;
42;156;47;79;50;117;48;
43;154;191;37;39;95;115;
43;225;189;26;27;125;108;
43;300;179;19;53;159;116;
43;139;160;39;24;89;92;
43;251;153;52;64;151;108;
43;146;143;20;18;83;80;
43;233;130;20;23;126;76;
43;139;102;24;38;81;70;
43;1;85;37;29;19;57;
44;132;212;37;24;84;118;
44;137;187;51;29;94;108;
44;277;179;42;60;159;119;
44;138;143;32;38;85;90;
44;142;99;13;35;77;67;
44;11;82;53;34;32;58;
44;157;43;116;46;136;44;
45;214;201;58;38;136;119;
45;146;185;20;21;83;103;
45;298;176;21;63;159;119;
45;142;140;27;40;84;90;
45;167;106;20;23;93;64;
45;140;97;21;39;80;68;
45;6;74;33;49;19;61;
46;208;211;54;28;131;119;
46;269;193;21;29;145;111;
46;281;179;38;60;159;119;
46;147;179;42;47;94;113;
46;142;99;19;32;80;65;
46;31;83;35;32;33;57;
46;1;76;30;52;15;64;
47;220;206;45;33;132;119;
47;134;176;57;46;95;111;
47;277;170;42;69;159;119;
47;188;113;23;20;105;66;
47;141;90;44;36;92;63;
47;40;90;27;24;33;57;
47;186;81;17;23;101;52;
47;1;80;38;48;19;64;
47;154;45;93;39;123;42;
48;218;202;26;19;122;110;
48;133;173;66;45;99;109;
48;273;169;46;48;159;108;
48;254;155;18;27;136;91;
48;141;93;21;36;81;64;
48;1;77;58;55;29;66;
48;158;53;56;39;107;46;
48;225;43;35;21;130;32;
49;202;208;19;20;110;114;
49;212;198;40;41;126;119;
49;270;174;49;59;159;116;
49;142;171;36;58;89;114;
49;141;90;26;74;83;82;
49;1;83;37;45;19;64;
50;201;143;34;30;117;86;
50;1;74;70;60;35;67;
51;196;181;53;52;124;116;
51;138;147;42;65;90;106;
51;139;102;23;41;81;71;
51;32;84;36;26;34;55;
51;169;47;65;48;117;47;
