2;4;104;24;22;16;115
2;143;98;21;23;153;109
2;38;90;20;19;48;99
2;151;67;30;30;166;82
2;193;44;69;48;227;68
3;218;220;54;19;245;229
3;156;218;38;21;175;228
3;275;206;44;33;297;222
3;237;175;39;39;256;194
3;185;165;40;42;205;186
3;301;156;18;40;310;176
3;127;144;57;76;155;182
3;169;117;16;26;177;130
3;5;106;19;21;14;116
3;169;81;16;26;177;94
4;290;215;29;24;304;227
4;209;212;51;27;234;225
4;152;212;51;27;177;225
4;263;202;28;37;277;220
4;188;177;35;27;205;190
4;241;172;27;35;254;189
4;298;155;21;41;308;175
4;211;144;24;24;223;156
4;127;142;55;69;154;176
4;167;109;23;31;178;124
4;1;104;18;25;10;116
4;138;56;66;80;171;96
4;200;44;25;23;212;55
4;223;43;34;30;240;58
4;186;1;22;19;197;10
5;150;209;48;30;174;224
5;240;177;20;23;250;188
5;185;165;33;35;201;182
5;300;155;19;23;309;166
5;210;142;16;26;218;155
5;138;142;44;65;160;174
5;1;113;21;20;11;123
5;142;101;21;18;152;110
5;158;44;116;47;216;67
6;272;207;47;27;295;220
6;202;207;53;32;228;223
6;151;205;52;34;177;222
6;259;201;20;26;269;214
6;238;174;23;29;249;188
6;184;171;31;26;199;184
6;138;119;43;82;159;160
6;165;115;20;25;175;127
7;202;209;54;30;229;224
7;278;203;41;36;298;221
7;139;201;58;38;168;220
7;255;197;29;31;269;212
7;231;173;35;42;248;194
7;131;159;49;43;155;180
7;180;158;36;37;198;176
7;146;138;19;20;155;148
7;167;117;19;22;176;128
7;168;48;60;37;198;66
8;272;203;38;30;291;218
8;142;174;37;24;160;186
8;235;173;16;28;243;187
8;175;156;32;35;191;173
8;294;147;20;25;304;159
8;205;134;20;31;215;149
8;166;113;24;22;178;124
8;156;69;34;43;173;90
8;191;42;82;35;232;59
9;249;193;55;35;276;210
9;134;190;62;47;165;213
9;197;168;63;71;228;203
9;181;164;32;24;197;176
9;290;150;24;28;302;164
9;138;131;39;67;157;164
9;137;82;28;47;151;105
10;248;188;53;40;274;208
10;181;156;21;28;191;170
10;129;118;53;76;155;156
10;154;81;25;27;166;94
10;178;48;83;31;219;63
11;238;187;50;52;263;213
11;139;166;51;60;164;196
11;179;159;31;27;194;172
11;143;132;20;22;153;143
11;167;107;20;21;177;117
11;12;97;25;20;24;107
11;138;92;26;36;151;110
12;249;188;45;44;271;210
12;178;158;32;26;194;171
12;280;142;26;30;293;157
12;137;133;44;53;159;159
12;167;107;20;21;177;117
12;14;93;23;24;25;105
12;164;63;27;18;177;72
12;193;40;91;37;238;58
13;292;204;27;22;305;215
13;242;187;54;40;269;207
13;280;142;24;20;292;152
13;130;132;55;86;157;175
13;10;97;24;19;22;106
13;153;94;37;33;171;110
13;37;75;23;27;48;88
13;196;44;81;36;236;62
14;243;194;49;45;267;216
14;239;180;26;24;252;192
14;177;153;19;27;186;166
14;139;144;41;70;159;179
14;168;105;22;21;179;115
14;1;93;27;27;14;106
14;37;79;27;23;50;90
14;169;67;23;28;180;81
14;188;46;58;31;217;61
15;302;201;17;31;310;216
15;178;151;20;23;188;162
15;139;145;48;67;163;178
15;168;104;22;20;179;114
15;1;92;28;32;15;108
15;141;61;41;82;161;102
15;204;35;21;24;214;47
16;301;177;18;56;310;205
16;175;148;21;26;185;161
16;137;141;45;65;159;173
16;192;131;31;19;207;140
16;169;103;20;20;179;113
16;1;101;19;29;10;115
16;28;78;29;32;42;94
17;207;204;52;35;233;221
17;232;172;41;34;252;189
17;141;172;40;32;161;188
17;304;169;15;35;311;186
17;140;152;26;19;153;161
17;173;146;23;24;184;158
17;201;122;17;26;209;135
17;1;101;17;23;9;112
17;37;91;21;19;47;100
17;170;82;20;43;180;103
17;180;32;95;49;227;56
18;301;192;18;35;310;209
18;206;183;47;55;229;210
18;245;178;36;29;263;192
18;292;155;27;32;305;171
18;139;139;24;30;151;154
18;170;100;18;19;179;109
18;31;80;28;33;45;96
18;143;57;57;44;171;79
18;201;37;81;31;241;52
19;216;195;42;44;237;217
19;246;185;28;25;260;197
19;293;152;26;87;306;195
19;26;82;37;31;44;97
20;203;196;46;43;226;217
20;300;184;19;35;309;201
20;244;167;32;35;260;184
20;192;166;25;37;204;184
20;141;166;49;59;165;195
20;217;147;18;31;226;162
20;171;144;23;21;182;154
20;137;136;31;27;152;149
20;34;78;28;35;48;95
20;142;63;47;51;165;88
20;262;45;26;21;275;55
20;190;43;70;42;225;64
21;246;171;26;28;259;185
21;297;157;22;80;308;197
21;217;145;17;29;225;159
21;140;144;33;47;156;167
21;172;137;21;26;182;150
21;22;83;43;31;43;98
21;159;55;44;42;181;76
21;207;39;61;48;237;63
22;202;192;49;47;226;215
22;190;171;16;27;198;184
22;232;163;36;34;250;180
22;288;152;31;86;303;195
22;217;142;17;28;225;156
22;138;120;24;42;150;141
22;20;82;42;33;41;98
22;146;63;39;48;165;87
22;217;47;30;32;232;63
23;211;173;63;58;242;202
23;179;168;36;28;197;182
23;287;153;32;76;303;191
23;139;131;52;82;165;172
23;9;82;52;31;35;97
23;140;73;31;23;155;84
23;170;58;20;23;180;69
23;256;37;24;21;268;47
24;289;206;30;18;304;215
24;205;186;38;46;224;209
24;228;160;39;31;247;175
24;288;150;31;53;303;176
24;172;128;20;27;182;141
24;138;121;22;28;149;135
24;157;85;26;28;170;99
24;31;79;28;26;45;92
24;11;76;19;36;20;94
25;199;183;40;46;219;206
25;283;178;21;22;293;189
25;234;164;30;24;249;176
25;283;162;36;63;301;193
25;139;162;63;43;170;183
25;291;152;19;22;300;163
25;171;135;24;20;183;145
25;136;125;26;36;149;143
25;1;80;64;33;33;96
25;159;66;31;30;174;81
25;192;46;64;25;224;58
25;269;35;24;15;281;42
26;144;165;40;38;164;184
26;278;161;41;64;298;193
26;183;151;51;80;208;191
26;211;142;50;50;236;167
26;170;126;18;27;179;139
26;167;94;26;27;180;107
26;142;59;56;92;170;105
26;197;42;81;44;237;64
27;171;229;42;10;192;234
27;200;177;29;44;214;199
27;232;165;28;23;246;176
27;277;162;42;72;298;198
27;142;162;60;49;172;186
27;293;149;26;29;306;163
27;138;133;23;23;149;144
27;169;122;39;29;188;136
27;1;81;66;40;34;101
28;160;223;55;16;187;231
28;282;190;31;22;297;201
28;276;164;25;27;288;177
28;197;157;61;68;227;191
28;166;127;22;22;177;138
28;138;120;43;87;159;163
28;1;100;29;22;15;111
28;24;80;32;27;40;93
28;146;71;39;34;165;88
28;183;38;108;39;237;57
29;161;214;67;25;194;226
29;278;181;33;27;294;194
29;193;170;32;45;209;192
29;276;158;34;32;293;174
29;229;154;34;31;246;169
29;139;146;41;49;159;170
29;181;145;28;30;195;160
29;208;135;22;24;219;147
29;168;126;18;22;177;137
29;138;124;26;26;151;137
29;1;84;62;43;32;105
29;221;65;20;25;231;77
29;152;59;59;33;181;75
30;230;228;37;11;248;233
30;174;214;42;25;195;226
30;276;184;43;23;297;195
30;269;161;26;26;282;174
30;186;156;67;52;219;182
30;140;151;32;40;156;171
30;166;124;21;21;176;134
30;138;119;24;28;150;133
30;1;76;20;26;11;89
30;1;75;65;51;33;100
30;153;74;29;19;167;83
30;195;46;51;21;220;56
31;229;220;33;19;245;229
31;277;175;30;26;292;188
31;178;142;24;39;190;161
31;136;137;34;50;153;162
31;207;134;16;24;215;146
31;170;117;17;26;178;130
31;1;83;53;44;27;105
32;273;227;36;12;291;233
32;229;220;32;19;245;229
32;268;160;31;41;283;180
32;139;149;36;34;157;166
32;176;140;24;31;188;155
32;167;121;17;23;175;132
32;165;90;20;22;175;101
32;1;89;41;39;21;108
32;143;60;50;41;168;80
33;225;216;57;23;253;227
33;150;199;59;40;179;219
33;191;162;30;37;206;180
33;263;161;21;19;273;170
33;223;152;19;25;232;164
33;140;149;55;33;167;165
33;168;119;23;23;179;130
33;140;92;21;26;150;105
33;168;87;19;20;177;97
33;1;78;54;52;28;104
34;208;211;56;28;236;225
34;302;187;17;52;310;213
34;263;158;21;20;273;168
34;220;157;27;20;233;167
34;1;89;33;43;17;110
34;161;62;31;41;176;82
34;231;44;29;27;245;57
35;301;164;18;23;310;175
35;262;158;18;18;271;167
35;140;130;28;47;154;153
35;1;83;49;50;25;108
35;167;63;24;17;179;71
35;197;42;64;33;229;58
36;207;204;52;35;233;221
36;266;190;53;49;292;214
36;297;159;22;30;308;174
36;258;156;20;18;268;165
36;166;112;22;26;177;125
36;189;106;22;21;200;116
36;1;91;43;31;22;106
37;294;145;25;40;306;165
37;138;124;28;45;152;146
37;1;90;25;39;13;109
38;127;210;21;26;137;223
38;252;203;48;36;276;221
38;213;196;34;43;230;217
38;287;154;32;76;303;192
38;213;141;28;31;227;156
38;138;121;29;53;152;147
38;1;92;18;38;10;111
38;184;90;27;33;197;106
38;21;88;20;25;31;100
38;142;79;35;34;159;96
38;168;64;24;21;180;74
38;195;45;81;25;235;57
39;248;203;44;36;270;221
39;150;199;53;36;176;217
39;205;192;45;47;227;215
39;288;188;31;35;303;205
39;294;154;22;25;305;166
39;254;151;20;34;264;168
39;148;134;66;61;181;164
39;137;120;33;50;153;145
39;1;93;43;29;22;107
39;178;43;83;31;219;58
40;201;187;47;44;224;209
40;248;183;70;56;283;211
40;291;154;23;22;302;165
40;181;147;30;32;196;163
40;1;90;38;34;20;107
40;141;85;20;31;151;100
40;165;46;63;46;196;69
40;225;44;47;32;248;60
41;246;200;36;39;264;219
41;201;184;44;48;223;208
41;295;183;24;22;307;194
41;134;169;50;50;159;194
41;287;149;32;36;303;167
41;181;144;27;35;194;161
41;212;141;20;26;222;154
41;171;129;25;23;183;140
41;200;120;19;19;209;129
41;143;107;27;57;156;135
41;1;93;32;33;17;109
42;289;214;30;25;304;226
42;242;197;44;42;264;218
42;198;186;44;36;220;204
42;298;184;21;27;308;197
42;130;168;45;46;152;191
42;139;131;48;32;163;147
42;181;119;40;65;201;151
42;1;92;25;39;13;111
42;144;88;18;35;153;105
43;245;193;39;37;264;211
43;198;182;40;46;218;205
43;133;180;35;48;150;204
43;278;178;41;52;298;204
43;156;161;23;29;167;175
43;143;135;25;25;155;147
43;191;121;23;30;202;136
43;1;92;24;41;13;112
44;239;185;42;44;260;207
44;274;179;45;50;296;204
44;193;178;43;36;214;196
44;293;147;26;30;306;162
44;131;141;48;67;155;174
44;1;91;22;41;12;111
45;225;191;49;36;249;209
45;271;176;48;63;295;207
45;191;176;43;35;212;193
45;290;144;29;26;304;157
45;146;107;20;45;156;129
45;1;94;20;38;11;113
45;164;92;34;29;181;106
45;145;80;27;25;158;92
45;194;34;95;52;241;60
46;297;219;22;20;308;229
46;235;187;31;35;250;204
46;191;171;38;35;210;188
46;269;168;50;68;294;202
46;288;150;30;21;303;160
46;136;137;67;64;169;169
46;210;133;22;18;221;142
46;142;127;21;28;152;141
46;139;92;23;34;150;109
46;1;91;16;42;9;112
46;170;49;57;32;198;65
47;189;168;38;37;208;186
47;285;151;24;17;297;159
47;175;142;20;25;185;154
47;139;131;43;63;160;162
47;244;122;26;33;257;138
47;1;91;13;43;7;112
48;269;215;25;19;281;224
48;271;181;34;31;288;196
48;233;180;35;47;250;203
48;141;174;23;16;152;182
48;188;166;37;34;206;183
48;264;162;25;28;276;176
48;140;148;32;18;156;157
48;285;139;34;32;302;155
48;1;100;17;31;9;115
48;36;97;26;17;49;105
48;176;53;34;29;193;67
48;211;43;47;37;234;61
49;233;175;26;40;246;195
49;258;167;46;65;281;199
49;188;164;36;33;206;180
49;131;164;44;23;153;175
49;287;145;22;24;298;157
49;163;118;24;20;175;128
50;187;161;33;33;203;177
50;133;159;48;29;157;173
50;281;143;27;22;294;154
50;144;115;17;31;152;130
50;144;80;18;31;153;95
50;213;44;29;17;227;52
51;190;160;27;25;203;172
51;133;157;34;25;150;169
51;153;132;41;29;173;146
52;138;160;25;19;150;169
52;269;159;22;32;280;175
52;194;157;24;23;206;168
52;175;133;15;24;182;145
52;145;89;18;27;154;102
