2;148;211;23;23;159;222
2;48;180;33;35;64;197
2;12;157;40;22;32;168
2;144;137;20;25;154;149
2;90;78;22;30;101;93
2;118;69;25;21;130;79
2;1;65;48;73;25;101
2;21;52;66;86;54;95
2;175;1;29;18;189;10
3;147;186;46;43;170;207
3;238;183;44;41;260;203
3;237;143;26;27;250;156
3;139;128;27;38;152;147
3;186;115;24;33;198;131
3;1;98;28;26;15;111
3;142;92;17;30;150;107
3;217;1;51;11;242;6
4;302;192;17;47;310;215
4;238;182;41;41;258;202
4;147;182;42;40;168;202
4;106;1;30;13;121;7
5;302;188;17;48;310;212
5;130;178;51;42;155;199
5;229;177;45;39;251;196
5;236;145;25;23;248;156
5;75;144;53;35;101;161
5;139;77;29;30;153;92
5;171;44;64;37;203;62
5;123;13;35;22;140;24
6;292;182;27;52;305;208
6;227;176;45;36;249;194
6;146;175;33;37;162;193
6;233;120;36;46;251;143
6;1;101;18;26;10;114
7;289;182;30;57;304;210
7;225;173;45;39;247;192
7;144;171;35;38;161;190
7;141;132;24;21;153;142
7;21;93;26;17;34;101
7;1;93;28;39;15;112
7;169;46;41;36;189;64
7;207;43;40;24;227;55
8;291;177;28;42;305;198
8;230;166;44;45;252;188
8;144;166;36;40;162;186
8;232;115;37;44;250;137
8;195;108;20;20;205;118
8;162;101;19;32;171;117
8;15;91;19;18;24;100
8;137;80;48;73;161;116
8;106;1;29;12;120;7
9;287;174;32;45;303;196
9;140;162;34;41;157;182
9;223;160;38;48;242;184
9;231;136;19;22;240;147
9;139;127;27;23;152;138
9;11;93;21;21;21;103
10;283;177;36;34;301;194
10;227;173;21;22;237;184
10;140;167;34;46;157;190
10;229;137;27;28;242;151
10;138;114;26;43;151;135
10;1;89;24;40;13;109
10;274;39;27;16;287;47
11;287;213;32;16;303;221
11;284;168;35;35;301;185
11;140;158;37;36;158;176
11;215;156;42;38;236;175
11;139;106;24;40;151;126
11;1;91;32;42;17;112
11;146;80;26;23;159;91
11;174;47;34;33;191;63
12;146;151;21;22;156;162
12;221;131;27;45;234;153
12;247;107;18;26;256;120
12;1;96;20;31;11;111
12;188;93;27;39;201;112
13;276;159;43;45;297;181
13;212;155;41;43;232;176
13;137;150;32;39;153;169
13;139;118;24;27;151;131
13;1;95;20;30;11;110
13;168;86;18;31;177;101
13;144;80;21;27;154;93
13;166;48;66;50;199;73
13;232;39;24;22;244;50
14;221;186;23;23;232;197
14;141;147;31;21;156;157
14;178;49;25;21;190;59
15;228;211;39;28;247;225
15;264;160;45;29;286;174
15;212;150;35;32;229;166
15;140;139;28;43;154;160
15;1;91;17;28;9;105
16;222;206;48;33;246;222
16;274;159;24;27;286;172
16;213;148;32;33;229;164
16;139;141;29;38;153;160
16;222;124;18;21;231;134
17;210;197;53;42;236;218
17;260;157;43;35;281;174
17;214;155;29;23;228;166
17;142;140;20;35;152;157
17;138;109;20;29;148;123
17;40;94;25;20;52;104
17;1;89;14;33;8;105
17;253;31;33;29;269;45
18;212;207;50;32;237;223
18;265;154;24;20;277;164
18;213;144;28;32;227;160
18;143;139;23;34;154;156
18;220;116;19;25;229;128
18;170;99;18;21;179;109
18;138;82;28;51;152;107
19;207;203;52;36;233;221
19;13;203;31;21;28;213
19;280;159;22;21;291;169
19;144;134;19;32;153;150
19;138;99;24;34;150;116
19;1;91;20;25;11;103
19;46;83;18;28;55;97
19;200;1;18;25;209;13
19;129;1;66;31;162;16
20;205;188;57;51;233;213
20;209;152;26;18;222;161
20;264;149;29;29;278;163
20;138;132;31;36;153;150
20;174;84;31;37;189;102
21;204;190;55;49;231;214
21;144;128;18;21;153;138
22;205;181;54;54;232;208
22;204;139;30;27;219;152
22;138;128;28;38;152;147
22;138;83;24;44;150;105
22;168;48;52;32;194;64
22;222;40;66;30;255;55
23;195;190;48;42;219;211
23;257;146;28;16;271;154
23;205;141;27;19;218;150
23;139;126;23;50;150;151
23;36;97;27;18;49;106
23;127;76;46;35;150;93
23;99;56;18;21;108;66
23;262;31;38;22;281;42
24;199;185;42;42;220;206
24;168;82;18;27;177;95
25;194;176;44;47;216;199
25;301;168;18;71;310;203
25;139;140;21;41;149;160
25;252;139;25;19;264;148
25;142;92;18;24;151;104
25;47;1;33;16;63;9
26;303;204;16;29;311;218
26;198;187;37;29;216;201
26;137;137;23;25;148;149
26;201;130;21;26;211;143
26;166;92;15;32;173;108
26;140;78;25;59;152;107
27;301;197;18;31;310;212
27;197;180;32;31;213;195
27;305;155;14;40;312;175
27;249;137;20;22;259;148
27;162;49;39;30;181;64
27;221;47;22;18;232;56
28;197;166;33;53;213;192
28;291;157;28;69;305;191
28;135;77;32;73;151;113
28;259;39;31;25;274;51
29;283;182;36;38;301;201
29;195;157;33;47;211;180
29;245;135;19;28;254;149
29;141;114;18;30;150;129
29;2;76;64;54;34;103
29;272;31;42;21;293;41
29;174;16;33;36;190;34
30;188;161;34;37;205;179
30;281;155;38;59;300;184
30;1;109;23;19;12;118
30;135;77;33;87;151;120
31;197;162;24;25;209;174
31;272;159;47;65;295;191
31;1;108;32;25;17;120
32;189;161;33;35;205;178
32;277;154;42;40;298;174
32;138;89;26;52;151;115
33;278;182;33;26;294;195
33;289;155;30;24;304;167
33;190;146;24;46;202;169
33;239;125;32;18;255;134
33;1;111;22;24;12;123
33;139;110;20;26;149;123
33;28;77;37;23;46;88
33;159;62;33;20;175;72
33;192;30;48;37;216;48
34;5;167;23;27;16;180
34;253;143;58;59;282;172
34;184;143;69;49;218;167
34;192;124;22;18;203;133
35;175;220;29;19;189;229
35;266;180;35;19;283;189
35;187;146;26;28;200;160
35;1;115;21;47;11;138
35;27;76;36;24;45;88
36;269;151;38;39;288;170
36;184;150;27;33;197;166
36;139;120;16;23;147;131
36;142;96;18;23;151;107
36;160;45;80;55;200;72
37;157;217;45;22;179;228
37;270;163;38;29;289;177
37;184;153;25;26;196;166
37;9;110;27;34;22;127
37;1;80;63;37;32;98
37;127;15;30;18;142;24
38;172;209;37;30;190;224
38;183;146;28;31;197;161
38;266;143;47;47;289;166
38;113;1;44;13;135;7
39;149;189;57;50;177;214
39;27;86;26;19;40;95
40;275;228;42;11;296;233
40;92;210;20;20;102;220
40;148;183;48;45;172;205
40;288;163;31;26;303;176
40;127;160;30;20;142;170
40;255;138;28;32;269;154
40;178;135;23;27;189;148
40;1;78;64;50;33;103
40;164;46;92;37;210;64
41;286;217;33;22;302;228
41;156;180;39;45;175;202
41;286;156;33;38;302;175
41;250;140;31;36;265;158
41;176;132;24;31;188;147
41;140;54;75;69;177;88
41;125;14;40;52;145;40
42;254;203;65;36;286;221
42;143;167;50;52;168;193
42;280;154;39;38;299;173
42;94;131;32;45;110;153
42;172;109;30;52;187;135
42;1;77;62;39;32;96
43;229;205;60;34;259;222
43;145;156;38;43;164;177
43;278;152;41;47;298;175
43;241;135;32;36;257;153
43;174;126;18;26;183;139
44;152;163;32;35;168;180
44;286;157;33;25;302;169
44;242;140;24;23;254;151
44;134;108;43;22;155;119
44;1;89;29;24;15;101
45;277;206;28;26;291;219
45;223;189;67;50;256;214
45;140;164;39;33;159;180
45;283;155;27;27;296;168
45;238;128;29;37;252;146
45;172;124;19;24;181;136
45;202;82;20;21;212;92
46;130;161;51;28;155;175
46;239;134;18;23;248;145
46;1;88;28;28;15;102
46;140;61;64;50;172;86
46;187;42;72;42;223;63
47;218;215;49;24;242;227
47;243;190;32;20;259;200
47;150;160;26;25;163;172
47;274;152;21;27;284;165
47;236;128;31;33;251;144
47;167;119;28;25;181;131
47;145;71;35;35;162;88
47;174;58;20;21;184;68
47;195;40;51;24;220;52
